9218
640
5021
281
4941
350
4305
283
4292
282
4294
282
4291
282
4291
281
4289
282
4288
283
4281
284
4291
285
4341
282
4290
282
4377
283
4342
285
4298
288
4477
282
4323
282
4376
302
4354
281
4286
282
4285
283
4287
282
4287
282
4284
282
4291
278
4278
282
4273
281
4274
281
4292
282
4278
280
4285
281
4292
281
4302
280
4291
280
4296
282
4290
282
4287
283
4293
283
4281
286
4274
282
4286
282
4290
283
4278
281
4287
282
4588
300
4286
279
4270
282
4291
282
4283
281
4275
281
4283
284
4289
282
4275
283
4277
283
4279
282
4287
282
4290
282
4291
282
4286
282
4280
281
4284
282
4291
281
4283
282
4283
285
4281
282
4288
282
4286
289
4293
281
4286
281
4285
280
4290
279
4289
280
4293
281
4292
282
4275
282
4285
281
4285
281
4287
283
4282
280
4281
283
4287
281
4303
280
4272
282
4279
281
4280
283
4281
281
4293
282
4284
281
4274
282
4279
282
4277
283
4269
283
4283
282
4285
282
4263
281
4277
280
4288
280
4288
282
4283
284
4290
282
4289
283
4288
281
4281
281
4299
285
4286
281
4286
282
4282
281
4278
282
4274
282
4396
281
4269
281
4268
285
4285
282
4278
285
4285
283
4272
284
4488
282
4283
281
4283
283
4288
279
4291
282
4279
284
4274
282
4280
282
4282
283
4286
280
4281
279
4279
279
4289
282
4274
281
4289
282
4273
283
4277
281
4285
283
4281
280
4288
282
4266
282
4274
283
4265
285
4287
281
4290
281
4283
283
4283
281
4286
282
4293
283
4286
282
4289
283
4288
282
4292
283
4292
282
4279
283
4284
281
4282
281
4288
282
4294
282
4282
282
4286
282
4288
282
4288
281
4295
281
4290
281
4274
281
4270
281
4269
282
4283
282
4288
283
4285
283
4283
283
4272
285
4286
283
4287
283
4287
283
4287
283
4288
283
4286
283
4284
280
4287
281
4277
283
4282
282
4284
282
4282
283
4287
281
4281
283
4288
287
4293
284
4297
284
4292
284
4288
282
4290
282
4284
280
4288
286
4291
282
4290
282
4289
281
4284
281
4278
281
4262
281
4283
282
4287
282
4290
282
4293
281
4275
282
4281
281
4288
281
4288
282
4287
282
4277
283
4286
281
4282
281
4276
283
4291
283
4280
284
4282
291
4272
282
4279
283
4277
281
4277
282
4286
282
4283
282
4280
282
4288
283
4280
280
4288
281
4280
283
4277
282
4283
278
4288
278
4270
280
4279
281
4281
278
4286
282
4278
282
4285
281
4270
282
4289
281
4293
283
4288
281
4275
282
4284
282
4279
282
4276
281
4279
282
4282
282
4277
281
4282
282
4289
282
4286
282
4286
281
4280
281
4277
281
4277
282
4299
285
4277
283
4284
287
4286
284
4283
285
4281
283
4277
283
4273
283
4274
283
4283
283
4284
281
4284
281
4279
281
4286
281
4284
281
4278
280
4280
281
4281
280
4284
281
4282
281
4287
281
4287
281
4285
282
4287
282
4280
281
4288
281
4289
281
4288
282
4275
282
4286
282
4281
282
4274
281
4277
282
4280
282
4289
282
4275
283
4286
284
4284
283
4281
283
4284
282
4286
282
4292
282
4292
284
4284
283
4282
283
4282
282
4280
282
4278
282
4276
282
4286
282
4295
282
4433
282
4288
282
4284
282
4281
283
4285
282
4284
281
4293
281
4286
282
4284
282
4289
281
4286
281
4286
281
4281
281
4282
282
4281
282
4274
282
4270
282
4282
282
4280
282
4281
281
4291
283
4288
283
4289
281
4297
282
4289
284
4290
282
4292
282
4275
281
4270
282
4275
282
4280
283
4287
280
4284
283
4288
283
4277
284
4281
283
4275
284
4291
284
4289
284
4287
282
4273
282
4276
282
4283
282
4289
282
4284
282
4299
287
4505
299
4559
282
4286
282
4277
281
4286
282
4290
283
4294
286
4271
283
4273
283
4284
283
4282
282
4270
283
4545
284
4277
283
4280
280
4281
283
4278
284
4286
280
4279
281
4277
280
4274
282
4274
281
4283
282
4288
282
4287
283
4280
282
4281
282
4279
282
4292
282
4295
283
4288
282
4287
282
4305
294
4454
290
4342
291
4292
283
4277
283
4290
282
4285
282
4284
282
4290
282
4293
282
4285
281
4287
282
4282
281
4283
281
4280
282
4285
283
4288
281
4294
282
4277
282
4277
282
4273
282
4283
281
4289
282
4289
281
4283
283
4286
282
4290
283
4289
282
4285
282
4278
281
4293
282
4286
282
4292
281
4420
290
4393
283
4293
283
4279
283
4276
283
4275
284
4271
285
4282
283
4284
283
4279
283
4277
283
4276
283
4278
281
4275
284
4278
284
4284
284
4273
284
4273
282
4277
285
4278
283
4292
282
4272
281
4297
283
4291
281
4281
282
4280
282
4294
282
4279
282
4292
282
4290
283
4284
284
4274
283
4266
283
4276
282
4291
282
4286
282
4291
281
4292
281
4282
281
4295
281
4280
290
4285
283
4288
283
4281
282
4285
281
4287
282
4282
283
4270
281
4277
282
4284
286
4287
282
4286
283
4285
283
4284
283
4281
283
4288
283
4288
283
4291
284
4281
283
4289
282
4290
282
4279
282
4287
283
4282
282
4287
280
4293
281
4282
281
4284
281
4284
282
4273
281
4280
281
4285
278
4281
277
4285
280
4272
283
4291
284
4289
283
4292
283
4293
283
4285
283
4293
284
4283
282
4290
282
4283
282
4288
283
4288
282
4340
284
4291
281
4292
283
4282
280
4275
283
4287
283
4289
282
4280
282
4298
282
4279
283
4276
284
4269
283
4278
283
4270
282
4289
282
4281
282
4282
282
4272
282
4277
282
4295
283
4287
281
4289
284
4293
283
4299
284
4292
298
4286
282
4285
286
4280
283
4277
281
4280
282
4278
282
4281
282
4278
281
4274
280
4279
282
4287
282
4290
282
4288
282
4286
282
4281
280
4280
282
4284
282
4286
282
4292
282
4272
282
4284
283
4290
283
4293
280
4293
280
4279
281
4282
281
4280
286
4280
283
4286
282
4285
282
4284
283
4286
282
4277
281
4275
281
4275
283
4264
284
4279
281
4282
280
4289
281
4288
281
4289
282
4290
282
4287
282
4286
282
4285
282
4290
282
4282
281
4291
281
4287
281
4284
278
4284
279
4289
281
4291
282
4283
283
4286
282
4282
281
4289
280
4285
282
4290
282
4288
280
4274
283
4290
283
4289
283
4277
283
4282
283
4285
283
4284
283
4287
283
4282
283
4281
283
4286
283
4290
283
4279
283
4277
283
4274
282
4278
283
4283
280
4292
282
4285
283
4287
283
4292
282
4287
281
4288
278
4297
279
4289
282
4291
282
4274
282
4281
280
4292
281
4287
281
4287
281
4388
281
4288
284
4290
283
4278
283
4280
283
4277
281
4271
282
4285
282
4278
282
4280
286
4272
282
4273
282
4292
282
4287
281
4278
282
4290
283
4292
283
4290
283
4277
281
4276
285
4283
283
4286
282
4282
278
4295
281
4283
282
4289
282
4292
282
4282
281
4294
281
4288
282
4288
283
4292
283
4289
282
4291
283
4289
283
4290
283
4290
283
4291
283
4499
282
4287
283
4283
283
4289
287
4280
283
4284
282
4284
283
4288
283
4289
283
4289
281
4287
281
4279
281
4291
282
4289
282
4290
282
4279
282
4285
282
4296
282
4282
281
4283
287
4285
283
4293
283
4293
284
4298
284
4294
284
4289
284
4278
284
4285
285
4282
280
4287
282
4295
283
4281
284
4273
283
4289
282
4282
282
4289
281
4292
282
4289
283
4284
283
4284
283
4284
283
4293
282
4291
282
4291
281
4286
279
4265
284
4279
282
4274
283
4280
281
4278
289
4282
281
4285
283
4277
282
4280
282
4273
281
4274
282
4285
282
4292
282
4281
282
4284
282
4284
283
4287
281
4287
283
4297
283
4290
282
4283
281
4285
282
4301
281
4294
280
4294
281
4281
283
4288
282
4288
279
4276
279
4273
280
4296
284
4279
283
4288
282
4288
283
4285
282
4282
281
4274
281
4297
281
4284
282
4291
287
4275
282
4289
283
4290
282
4279
282
4291
282
4286
282
4290
282
4291
282
4286
282
4289
282
4284
281
4278
281
4277
284
4285
283
4289
282
4276
282
4269
281
4286
281
4280
281
4275
281
4285
282
4293
282
4294
283
4298
282
4286
284
4290
284
4281
283
4290
283
4292
283
4283
283
4292
283
4292
283
4290
283
4290
282
4291
283
4274
283
4281
282
4284
282
4285
282
4282
282
4283
282
4274
283
4288
283
4281
284
4285
284
4303
284
4280
281
4286
282
4291
281
4277
286
4285
283
4284
282
4291
283
4281
282
4288
281
4287
281
4294
281
4294
281
4285
281
4300
281
4288
282
4292
280
4291
280
4295
281
4298
282
4293
282
4292
282
4294
281
4290
283
4285
282
4292
282
4288
281
4291
282
4294
283
4289
283
4295
283
4281
282
4287
282
4285
282
4290
282
4282
282
4282
282
4288
282
4291
281
4290
282
4293
282
4292
282
4292
281
4293
282
4286
281
4291
282
4292
282
4283
281
4289
282
4275
282
4295
282
4287
282
4285
281
4270
281
4276
282
4283
282
4283
282
4282
283
4282
282
4279
282
4286
282
4280
283
4277
283
4286
283
4280
283
4281
284
4285
284
4286
283
4290
282
4279
281
4281
287
4289
281
4280
282
4285
282
4281
282
4280
286
4278
282
4285
282
4273
281
4284
281
4290
281
4292
281
4293
282
4565
284
4276
285
4275
285
4290
282
4267
283
4280
282
4277
281
4275
281
4275
281
4277
281
4280
282
4273
282
4278
283
4285
285
4276
283
4284
282
4283
283
4283
282
4288
283
4274
282
4284
282
4284
282
4289
283
4294
281
4286
281
4290
282
4290
282
4283
282
4286
282
4287
282
4274
282
4276
285
4283
282
4286
285
4290
282
4288
282
4289
282
4290
283
4286
282
4297
282
4277
283
4274
283
4285
283
4283
282
4285
282
4282
282
4286
281
4273
282
4285
281
4278
283
4276
282
4288
282
4280
282
4279
281
4284
282
4283
281
4284
281
4284
281
4283
281
4287
284
4284
280
4277
283
4282
285
4273
281
4283
281
4287
282
4288
282
4293
279
4289
279
4271
282
4292
283
4288
304
4291
282
4287
282
4292
282
4285
284
4289
283
4289
283
4289
282
4279
281
4289
284
4284
287
4280
281
4273
282
4267
280
4280
281
4270
280
4290
282
4293
281
4289
284
4292
280
4279
281
4279
282
4289
281
4282
282
4281
281
4275
282
4290
282
4401
282
4279
290
4274
283
4299
281
4287
278
4283
280
4286
281
4285
282
4284
282
4277
279
4280
281
4282
281
4279
281
4281
281
4285
282
4265
281
4276
280
4282
280
4287
283
4281
282
4283
281
4288
283
4276
282
4282
283
4293
281
4291
281
4280
281
4281
282
4275
283
4277
281
4274
279
4294
284
4287
283
4281
283
4290
283
4282
283
4290
282
4294
282
4295
282
4295
284
4293
281
4434
281
4280
281
4294
282
4299
282
4287
282
4289
282
4283
282
4280
282
4292
282
4275
282
4277
282
4265
282
4286
282
4289
290
4282
281
4278
288
4295
282
4280
282
4285
283
4275
283
4281
283
4279
283
4273
282
4276
282
4265
285
4278
282
4281
282
4288
281
4292
281
4283
278
4290
282
4282
278
4287
284
4291
281
4281
281
4279
282
4341
283
4278
282
4279
282
4287
281
4295
281
4289
282
4288
281
4291
282
4281
281
4289
283
4277
281
4291
282
4291
282
4293
282
4292
282
4276
278
4286
280
4287
281
4291
279
4290
282
4275
282
4279
282
4284
283
4283
282
4288
284
4279
284
4292
285
4283
285
4285
286
4279
285
4285
283
4289
283
4277
283
4291
285
4289
281
4292
285
4291
284
4288
282
4279
283
4291
278
4294
283
4291
279
4295
278
4292
281
4289
282
4286
282
4289
281
4286
282
4285
283
4277
282
4282
282
4282
283
4280
284
4277
284
4285
282
4282
287
4281
282
4282
283
4279
281
4290
283
4282
282
4292
282
4285
282
4292
281
4281
284
4290
283
4286
283
4281
284
4273
283
4287
283
4272
283
4274
282
4314
294
4319
284
4285
283
4286
282
4275
283
4279
283
4291
282
4284
282
4290
282
4289
284
4289
282
4292
282
4287
282
4287
282
4287
281
4290
282
4285
283
4283
283
4283
281
4277
281
4279
282
4277
282
4272
282
4270
283
4277
282
4294
282
4292
282
4290
282
4288
282
4292
283
4283
283
4269
283
4271
283
4283
283
4280
283
4288
284
4276
283
4277
283
4277
282
4288
283
4276
283
4286
283
4278
283
4285
285
4286
283
4278
282
4286
282
4271
283
4292
278
4282
281
4285
281
4289
282
4293
281
4290
282
4289
281
4291
282
4286
281
4289
281
4277
282
4274
281
4275
281
4270
281
4276
280
4274
283
4277
279
4281
284
4279
279
4279
281
4274
282
4271
283
4286
283
4280
282
4274
282
4280
283
4279
281
4286
282
4275
283
4291
285
4285
283
4286
283
4289
285
4277
279
4277
281
4285
282
4281
281
4284
284
4279
282
4280
281
4277
282
4279
281
4282
281
4276
281
4282
282
4281
282
4280
282
4290
282
4280
283
4278
283
4283
283
4273
280
4276
282
4292
281
4285
282
4291
282
4284
282
4280
280
4287
281
4279
280
4282
281
4283
282
4286
282
4290
284
4281
282
4274
282
4273
281
4275
281
4273
281
4284
282
4280
282
4282
282
4287
282
4290
281
4282
282
4283
282
4285
283
4289
282
4295
281
4284
282
4285
284
4279
283
4276
288
4278
281
4278
282
4274
282
4267
282
4290
282
4289
282
4294
282
4288
281
4283
282
4284
283
4271
284
4279
282
4268
282
4264
286
4283
280
4282
282
4287
282
4282
283
4291
283
4295
283
4287
283
4292
283
4283
283
4287
283
4277
285
4293
285
4284
285
4274
285
4285
283
4285
284
4276
283
4292
283
4278
283
4279
282
4285
283
4290
285
4293
281
4281
282
4278
282
4291
282
4288
283
4289
283
4293
283
4283
283
4281
281
4286
283
4275
281
4290
281
4290
283
4287
283
4270
283
4280
283
4285
283
4291
283
4287
283
4291
279
4290
279
4293
281
4288
281
4282
281
4281
281
4281
281
4282
279
4295
280
4290
282
4291
282
4294
282
4292
280
4270
283
4269
278
4270
286
4268
281
4272
284
4287
282
4271
284
4272
283
4268
280
4271
280
4270
286
4273
280
4270
281
4269
283
4269
282
4270
282
4269
282
4288
282
4289
284
4277
282
4287
281
4288
284
4280
282
4275
282
4276
282
4286
282
4282
282
4286
281
4288
280
4285
281
4290
281
4281
281
4289
281
4292
282
4288
282
4289
282
4284
281
4283
281
4286
279
4285
281
4279
281
4291
281
4276
284
4275
282
4292
318
4451
281
4285
282
4285
282
5147
375
5231
396
6692
294
5851
285
4288
281
4383
283
4284
283
4284
282
4270
283
4279
284
4287
284
4283
281
4290
282
4279
281
4289
282
4274
281
4277
282
4280
281
4279
278
4276
280
4284
283
4284
283
4287
282
4274
282
4274
282
4281
282
4286
282
4273
281
4288
282
4291
282
4276
283
4283
282
4279
282
4275
283
4284
283
4275
283
4273
283
4279
285
4287
283
4281
286
4279
282
4284
281
4290
281
4291
281
4285
282
4292
282
4293
281
4291
282
4285
280
4291
282
4290
282
4287
282
4291
290
4292
279
4278
282
4288
282
4288
281
4288
281
4279
282
4296
286
4288
280
4275
281
4267
282
4262
282
4274
281
4278
283
4279
282
4281
282
4273
284
4280
281
4275
282
4280
282
4284
283
4271
285
4287
283
4277
284
4277
283
4279
283
4280
282
4285
282
4284
284
4284
283
4285
283
4289
282
4289
281
4274
281
4280
279
4274
279
4272
281
4281
278
4281
284
4294
280
4287
282
4281
282
4278
284
4271
279
4284
283
4282
282
4279
281
4279
282
4291
283
4287
282
4281
282
4299
281
4292
281
4280
282
4276
283
4291
280
4295
280
4287
281
4289
280
4287
279
4288
282
4286
282
4289
282
4290
281
4288
282
4286
282
4287
281
4286
281
4295
281
4279
281
4274
282
4281
282
4278
283
4279
282
4282
283
4281
282
4270
281
4289
280
4285
281
4289
281
4288
282
4291
282
4286
281
4286
283
4289
282
4287
282
4284
282
4289
282
4288
281
4291
296
4293
281
4286
282
4284
280
4285
283
4300
284
4286
282
4280
283
4288
283
4291
283
4287
283
4291
282
4290
282
4291
283
4282
282
4285
283
4272
283
4287
283
4289
284
4277
284
4280
284
4279
284
4277
283
4289
282
4280
282
4288
282
4286
282
4287
281
4278
283
4280
282
4277
279
4274
282
4276
281
4274
282
4275
282
4278
282
4277
282
4263
282
4269
281
4272
285
4274
280
4272
282
4276
282
4268
283
4271
282
4273
283
4271
282
4265
282
4281
282
4269
284
4268
283
4281
280
4290
279
4280
281
4287
284
4275
281
4292
282
4291
281
4286
282
4291
282
4289
282
4292
282
4281
282
4272
281
4280
283
4288
283
4295
281
4286
282
4288
282
4287
281
4290
282
4286
283
4295
282
4288
280
4294
280
4291
280
4290
282
4299
280
4281
283
4292
282
4291
283
4291
280
4290
281
4280
282
4287
282
4280
282
4291
282
4290
283
4276
280
4293
281
4273
282
4277
282
4282
282
4263
282
4273
282
4269
282
4285
282
4290
281
4278
286
4280
282
4269
282
4268
286
4281
281
4291
279
4290
282
4281
282
4280
282
4294
282
4287
282
4291
282
4289
283
4275
281
4269
281
4284
279
4552
281
4278
287
4268
283
4274
282
4299
284
4288
284
4288
284
4289
281
4288
282
4288
281
4292
281
4291
282
4281
282
4282
282
4288
283
4292
282
4279
281
4293
283
4289
281
4294
282
4275
281
4262
282
4281
281
4270
282
4263
282
4288
281
4297
283
4290
283
4281
281
4287
285
4293
281
4294
286
4294
285
4282
282
4282
281
4281
281
4278
281
4277
281
4275
281
4279
281
4289
281
4281
282
4273
283
4284
282
4284
282
4289
282
4284
282
4292
282
4292
281
4277
283
4281
282
4280
284
4280
282
4285
282
4278
282
4285
281
4273
282
4280
282
4276
282
4282
281
4281
282
4286
282
4286
281
4275
284
4279
281
4271
282
4280
281
4271
282
4283
282
4278
282
4278
282
4283
282
4281
287
4281
280
4277
282
4282
282
4283
282
4285
282
4281
282
4281
281
4273
281
4278
281
4274
283
4282
282
4280
283
4286
282
4282
283
4277
282
4284
283
4282
283
4276
283
4282
281
4278
281
4276
282
4284
282
4282
282
4276
282
4288
282
4282
282
4276
282
4274
281
4275
281
4288
282
4276
281
4273
281
4282
280
4278
281
4282
281
4289
282
4271
280
4283
281
4283
282
4278
282
4285
282
4275
283
4279
283
4291
286
4279
280
4291
282
4281
283
4296
284
4278
282
4294
283
4286
283
4267
283
4291
284
4289
284
4289
283
4286
282
4295
283
4293
283
4294
283
4294
281
4298
283
4289
283
4290
284
4293
282
4282
282
4297
283
4285
283
4283
283
4276
282
4280
283
4292
282
4280
283
4285
282
4273
283
4277
283
4279
283
4294
282
4296
283
4294
281
4287
282
4283
282
4288
282
4293
282
4292
282
4299
282
4289
281
4296
283
4296
282
4300
284
4282
282
4280
285
4283
281
4280
283
4276
283
4284
282
4279
285
4286
282
4279
282
4283
282
4281
282
4282
282
4280
281
4269
282
4286
282
4290
281
4298
281
4293
281
4290
281
4292
282
4269
281
4287
281
4286
282
4281
285
4274
282
4281
280
4282
283
4289
281
4290
282
4279
281
4282
281
4289
282
4291
282
4290
282
4283
282
4284
283
4291
283
4292
283
4293
283
4292
283
4291
283
4278
281
4286
284
4294
279
4291
279
4281
281
4286
283
4267
286
4309
288
4289
283
4280
284
4283
285
5272
363
5887
379
5078
281
4289
281
4281
282
4290
283
4283
281
4275
281
4286
280
4282
280
4284
282
4281
282
4290
283
4270
286
4288
282
4276
282
4292
280
4298
282
4294
283
4288
281
4285
281
4283
283
4281
284
4285
283
4279
283
4272
283
4275
282
4294
283
4282
284
4270
283
4279
283
4280
280
4278
282
4288
282
4288
281
4291
281
4563
284
4313
286
4282
282
4285
282
4286
283
4289
283
4275
283
4305
283
4532
284
4547
283
4394
281
4480
281
4404
286
4357
310
4333
283
4276
282
4318
284
4291
280
4286
284
4287
284
4286
285
4285
284
4277
283
4281
279
4280
283
4276
281
4285
281
4293
282
4301
283
4474
279
4269
281
4288
282
4823
334
4588
284
4322
281
4316
283
4336
288
4449
289
4329
282
4308
283
4334
283
4316
300
4330
283
4271
283
4305
284
4288
283
4292
282
4290
283
4284
282
4279
284
4277
285
4270
282
4299
285
4281
280
4283
280
4278
284
4289
281
4286
282
4293
281
4285
283
4290
282
4276
282
4276
282
4271
281
4288
282
4287
281
4291
283
4285
282
4285
282
4294
282
4272
284
4286
283
4282
281
4279
281
4268
281
4282
282
4275
282
4268
281
4275
287
4265
283
4286
284
4295
282
4276
283
4280
282
4275
282
4276
283
4281
283
4291
282
4274
281
4485
284
4285
283
4275
281
4292
282
4289
282
4262
281
4280
281
4282
281
4279
282
4268
282
4276
279
4273
281
4291
284
4289
280
4290
281
4289
282
4286
284
4285
291
4289
282
4277
283
4281
282
4284
282
4280
282
4284
294
4284
281
4277
280
4300
282
4282
281
4280
282
4294
282
4287
281
4291
282
4304
284
4308
284
4328
283
4301
285
4273
282
4288
281
4287
283
4282
284
4277
283
4276
282
4277
283
4638
282
4560
281
4289
281
4393
283
4375
281
4353
282
4281
282
4269
278
4283
281
4283
281
4276
283
4280
282
4283
282
4286
281
4291
281
4294
282
4289
281
4280
280
4270
281
4291
282
4288
282
4292
281
4291
281
4289
281
4288
282
4274
282
4280
282
4279
282
4279
282
4276
282
4276
282
4280
282
4283
281
4276
282
4270
282
4273
282
4280
282
4281
281
4278
279
4273
283
4287
282
4287
282
4282
281
4276
282
4286
279
4276
282
4286
282
4286
283
4279
283
4274
283
4281
283
4286
281
4295
281
4330
282
4282
281
4276
282
4290
282
4290
282
4293
280
4290
281
4276
281
4289
282
4288
282
4291
282
4277
281
4285
281
4295
282
4280
283
4292
282
4284
282
4288
283
4286
283
4286
282
4289
282
4279
283
4284
284
4289
280
4289
279
4290
279
4289
282
4277
282
4286
282
4290
282
4292
281
4289
282
4291
282
4285
281
4279
281
4284
285
4283
282
4278
282
4278
282
4347
282
4275
281
4289
282
4284
282
4287
282
4279
282
4291
282
4267
282
4279
280
4277
282
4289
281
4277
281
4282
281
4277
281
4272
281
4281
282
4283
283
4276
280
4280
282
4284
282
4299
282
4293
282
4290
282
4287
282
4263
280
4287
282
4276
282
4575
282
4262
283
4263
280
4279
281
4266
284
4287
285
4280
280
4289
280
4280
282
4284
282
4279
284
4290
284
4289
283
4292
283
4289
283
4287
280
4294
281
4275
282
4280
282
4285
282
4286
282
4269
284
4277
283
4271
282
4271
278
4281
279
4278
284
4273
279
4273
280
4276
280
4278
281
4281
280
4289
281
4295
281
4287
282
4287
279
4288
280
4270
283
4288
284
4270
284
4270
284
4278
284
4285
280
4278
284
4294
284
4294
282
4286
282
4287
282
4282
281
4294
281
4284
282
4288
282
4289
281
4280
281
4281
282
4275
282
4274
282
4296
281
4280
281
4293
281
4279
282
4290
283
4290
283
4290
282
4274
282
4270
282
4278
282
4286
282
4289
283
4292
283
4284
282
4279
283
4283
285
4292
283
4290
284
4277
285
4294
284
4271
285
4286
282
4288
281
4283
282
4271
281
4284
282
4283
282
4285
282
4291
282
4288
282
4292
281
4299
278
4290
281
4289
282
4291
281
4294
281
4293
282
4278
281
4292
281
4284
281
4286
281
4293
282
4284
282
4274
283
4277
282
4275
282
4285
283
4288
284
4289
284
4287
284
4290
284
4291
284
4282
283
4296
282
4288
283
4288
284
4280
283
4282
281
4284
284
4284
282
4273
283
4285
283
4289
280
4290
282
4288
283
4282
281
4289
282
4292
283
4284
283
4283
282
4284
282
4287
282
4290
282
4291
282
4296
282
4282
283
4292
282
4280
282
4271
281
4277
280
4280
282
4284
280
4289
283
4277
282
4289
279
4285
281
4288
284
4289
279
4280
282
4281
281
4277
285
4282
282
4279
282
4282
281
4911
404
4525
282
4300
283
4307
286
4279
282
4273
281
4283
283
4291
282
4287
283
4286
283
4296
283
4278
283
4288
282
4293
280
4288
279
4284
281
4281
281
4288
280
4288
282
4284
283
4288
283
4273
283
4288
282
4289
281
4288
283
4283
282
4280
281
4279
281
4284
281
4283
282
4275
282
4283
281
4289
282
4285
282
4288
280
4290
281
4285
280
4282
283
4286
281
4279
281
4277
282
4270
282
4290
281
4280
287
4290
280
4297
286
4278
281
4280
282
4278
282
4283
280
4292
280
4284
282
4295
280
4284
282
4291
282
4288
282
4288
281
4286
281
4292
284
4285
280
4291
281
4292
281
4291
282
4297
282
4283
282
4286
281
4294
281
4277
281
4282
281
4277
278
4277
281
4278
281
4291
282
4283
281
4270
280
4292
279
4279
282
4286
282
4297
282
4298
282
4285
282
4286
281
4292
282
4288
282
4293
281
4284
281
4289
281
4286
282
4291
280
4269
283
4274
280
4275
280
4278
283
4287
282
4287
281
4283
284
4293
283
4271
282
4279
284
4277
282
4709
282
4293
281
4284
282
4280
281
4274
282
4287
283
4293
283
4273
283
4291
282
4287
282
4278
282
4281
285
4279
281
4274
282
4279
283
4290
282
4274
282
4274
282
4274
282
4274
283
4277
283
4277
282
4290
281
4291
282
4289
281
4288
281
4277
280
4288
282
4279
281
4281
279
4278
280
4282
281
4281
281
4281
281
4283
277
4280
280
4277
280
4287
283
4294
282
4282
284
4276
285
4289
283
4287
283
4286
285
4285
283
4285
283
4287
283
4285
286
4290
284
4279
282
4286
281
4281
282
4287
280
4276
283
4290
281
4287
282
4282
282
4287
282
4292
282
4281
281
4289
282
4280
284
4284
280
4283
283
4282
282
4284
283
4286
282
4286
281
4286
283
4294
283
4286
282
4287
282
4289
282
4294
282
4295
282
4291
285
4290
282
4296
288
4293
282
4288
283
4269
283
4289
281
4288
282
4291
286
4282
280
4282
280
4285
282
4281
283
4282
282
4281
283
4276
281
4278
280
4278
282
4279
282
4284
282
4280
282
4282
282
4269
286
4260
284
4278
288
4285
282
4286
282
4293
282
4283
282
4290
283
4284
281
4288
281
4286
283
4281
282
4285
282
4280
282
4277
283
4280
283
4280
283
4274
283
4279
283
4276
283
4277
283
4272
284
4265
285
4269
282
4269
283
4281
283
4275
283
4274
284
4277
284
4281
282
4276
283
4275
282
4279
281
4283
282
4280
286
4278
281
4279
281
4287
282
4286
284
4283
282
4286
284
4277
282
4285
282
4282
282
4282
283
4279
283
4280
282
4286
280
4279
282
4289
283
4281
282
4278
282
4283
282
4273
286
4286
283
4279
282
4279
283
4281
283
4283
284
4276
280
4279
282
4286
283
4284
284
4286
284
4288
284
4274
283
4273
283
4282
284
4290
283
4289
284
4280
282
4278
281
4278
281
4276
281
4282
282
4286
282
4274
282
4274
279
4288
281
4292
281
4288
283
4274
278
4279
281
4277
281
4285
282
4290
282
4271
279
4280
282
4278
282
4280
285
4288
283
4281
283
4282
284
4282
282
4286
282
4286
282
4274
282
4278
282
4283
281
4285
282
4290
282
4276
282
4276
282
4284
281
4287
282
4294
282
4289
283
4277
283
4288
283
4263
283
4284
283
4280
283
4268
282
4273
284
4268
280
4274
290
4285
283
4286
281
4281
280
4279
279
4283
281
4278
282
4280
282
4274
282
4279
282
4277
283
4287
283
4280
283
4282
284
4282
282
4283
283
4290
283
4285
282
4280
282
4281
281
4288
283
4284
283
4291
283
4282
283
4281
283
4290
283
4290
283
4290
282
4289
281
4286
281
4289
282
4296
281
4291
281
4293
282
4296
281
4281
279
4296
282
4287
281
4278
282
4572
338
4292
285
4280
281
4287
281
4296
282
4268
281
4287
281
4280
281
4275
281
4290
281
4294
280
4291
281
4290
282
4287
283
4292
282
4292
282
4287
282
4290
282
4293
281
4292
282
4288
283
4286
280
4281
279
4287
279
4267
284
4281
283
4290
284
4283
284
4285
284
4286
282
4283
282
4272
282
4278
282
4275
282
4280
283
4277
283
4270
282
4275
283
4286
282
4286
282
4278
282
4290
283
4281
283
4282
281
4289
282
4292
282
4290
283
4274
281
4290
281
4287
281
4282
282
4274
281
4285
282
4275
282
4283
282
4280
282
4281
281
4272
281
4279
282
4281
282
4770
289
5000
293
4460
281
4334
282
4337
282
4313
289
4327
282
4309
281
4312
282
4309
282
4325
289
4329
284
4310
282
4292
280
4324
282
4317
282
4397
289
4359
283
4351
284
4370
286
4390
285
4361
284
4371
285
4350
284
4378
283
4367
284
4372
283
4342
282
4349
295
4338
282
4335
286
4346
280
4334
284
4345
300
4341
284
4340
284
4331
288
4337
294
4329
282
4326
284
4344
284
4314
285
4335
286
4321
285
4325
283
4315
283
4336
285
4325
289
4326
284
4315
286
4320
283
4328
283
4326
284
4307
282
4295
282
4303
282
4303
283
4297
288
4547
281
4297
284
4306
282
4324
284
4331
279
4308
278
4313
285
4330
280
4308
282
4308
281
4301
280
4309
284
4301
283
4305
285
4294
283
4299
279
4294
282
4296
284
4317
286
4308
281
4338
282
4291
286
4312
282
4298
286
4309
283
4299
282
4290
284
4303
283
4298
285
4308
281
4292
281
4299
284
4302
281
4295
281
4298
282
4299
281
4300
285
4293
283
4300
284
4327
281
4295
280
4303
284
4295
281
4300
282
4314
281
4293
279
4303
284
4303
282
4297
281
4294
282
4296
282
4296
282
4297
282
4296
282
4309
281
4290
281
4301
282
4301
282
4288
282
4296
285
4318
285
4298
282
4303
282
4298
283
4297
286
4297
282
4297
283
4301
282
4323
282
4306
285
4301
285
4293
281
4295
304
4295
281
4308
285
4305
281
4322
280
4296
282
4290
282
4297
282
4291
282
4298
283
4301
280
4301
282
4305
284
4292
284
4291
279
4295
280
4289
279
4296
283
4296
280
4286
284
4292
281
4305
282
4309
286
4385
292
4440
287
4394
289
4608
284
4316
281
4293
281
4287
280
4285
281
4296
282
4284
283
4278
282
4294
282
4286
283
4279
283
4294
282
4288
283
4280
283
4277
282
4281
283
4287
282
4272
282
4278
282
4279
281
4304
282
4282
284
4291
282
4284
282
4301
282
4286
282
4271
282
4285
282
4289
279
4289
282
4286
283
4283
282
4277
282
4272
282
4339
286
4315
283
4284
283
4289
282
4284
282
4282
282
4274
281
4281
282
4281
282
4275
283
4276
283
4290
282
4281
282
4279
282
4291
286
4287
283
4291
282
4276
282
4282
281
4278
280
4285
282
4287
282
4285
284
4281
282
4292
282
4283
282
4290
282
4290
283
4286
282
4292
282
4283
283
4286
278
4297
282
4270
282
4279
283
4279
283
4294
284
4282
283
4284
282
4287
282
4274
283
4278
283
4277
282
4281
282
4289
281
4281
281
4281
282
4281
281
4282
282
4285
280
4279
281
4288
290
4288
281
4283
282
4286
281
4284
281
4288
281
4293
282
4286
280
4283
282
4302
282
4297
282
4300
282
4288
281
4293
285
4288
284
4288
282
4280
280
4281
281
4290
281
4293
281
4285
280
4287
283
4276
281
4284
281
4295
281
4292
283
4286
286
4276
283
4285
285
4293
282
4284
282
4280
284
4285
283
4285
282
4287
282
4288
282
4287
284
4278
281
4285
282
4293
284
4282
283
4285
283
4272
282
4291
283
4315
285
4305
281
4296
281
4296
281
4295
288
4292
285
4307
282
4300
282
4289
282
4298
285
4291
285
4291
282
4301
281
4295
282
4293
282
4299
282
4302
282
4303
282
4302
283
4294
282
4287
282
4288
282
4295
282
4300
285
4300
282
4304
282
4306
282
4296
282
4293
286
4299
281
4308
283
4292
282
4275
282
4283
285
4313
282
4292
282
4291
280
4287
282
4292
282
4287
283
4290
280
4292
281
4298
283
4288
285
4296
282
4286
282
4284
283
4282
282
4283
282
4283
283
4313
282
4282
286
4290
283
4288
284
4292
282
4288
285
4284
282
4284
279
4289
279
4284
279
4292
282
4283
282
4291
282
4285
282
4289
283
4289
285
4294
280
4307
282
4283
283
4292
282
4279
285
4287
282
4292
282
4289
283
4286
285
4283
281
4290
281
4292
282
4283
281
4282
285
4282
281
4292
281
4285
283
4285
283
4285
284
4283
283
4291
283
4288
284
4294
283
4286
283
4286
284
4287
283
4311
288
4315
286
4294
285
4311
284
4294
285
4283
286
4288
283
4280
283
4290
283
4290
282
4280
286
4292
286
4278
283
4287
283
4284
286
4287
288
4291
284
4290
280
4281
280
4291
286
4279
280
4295
280
4285
283
4280
286
4282
287
4310
283
4289
284
4289
283
4289
287
4288
286
4293
285
4306
285
4307
282
4295
288
4291
284
4292
285
4295
280
4294
282
4295
288
4292
282
4285
282
4294
282
4293
283
4288
282
4286
283
4292
282
4294
283
4296
282
4290
282
4288
282
4325
283
4300
286
4294
283
4296
282
4303
281
4301
282
4296
285
4295
285
4301
281
4301
285
4304
281
4312
287
4302
282
4355
283
4330
282
4309
285
4305
288
4304
279
4353
284
4320
282
4315
282
4303
282
4294
283
4292
282
4299
282
4310
284
4316
281
4288
283
4299
282
4293
281
4308
281
4288
285
4302
282
4298
279
4306
277
4308
279
4298
283
4298
279
4312
283
4310
282
4301
283
4304
289
4299
282
4304
281
4299
280
4306
280
4301
286
4297
283
4302
282
4303
279
4326
284
4283
284
4289
281
4298
281
4298
282
4302
286
4300
286
4299
284
4296
283
4306
282
4294
282
4296
285
4299
281
4294
279
4303
280
4296
280
4303
284
4296
280
4297
281
4303
280
4304
281
4297
280
4305
281
4296
280
4301
280
4322
282
4298
281
4301
281
4282
282
4299
283
4299
282
4292
282
4302
283
4299
282
4300
285
4303
282
4301
281
4299
284
4303
280
4298
289
4298
284
4290
282
4292
282
4311
283
4294
286
4302
283
4285
283
4288
283
4294
283
4299
286
4318
289
4304
284
4294
283
4292
281
4300
284
4299
284
4295
282
4291
282
4295
299
4298
285
4290
283
4292
278
4293
283
4292
279
4299
280
4296
282
4304
282
4302
281
4293
284
4306
279
4311
282
4308
283
4344
279
4323
281
4370
288
4445
290
4442
291
4448
289
4449
286
4454
293
4468
292
4432
289
4447
289
4463
298
4510
295
4454
292
4440
291
4408
288
4421
287
4322
283
4303
282
4282
278
4282
282
4286
285
4279
284
4290
279
4292
282
4289
281
4326
282
4293
282
4309
280
4293
280
4307
285
4298
282
4292
283
4292
299
4289
279
4296
283
4293
279
4290
282
4301
282
4297
282
4290
282
4320
282
4302
284
4296
280
4306
280
4293
281
4300
280
4297
280
4302
280
4298
283
4301
287
4300
282
4296
283
4318
285
4312
282
4300
286
4297
289
4292
284
4305
283
4294
282
4302
286
4299
280
4296
280
4302
283
4305
283
4291
286
4306
284
4296
283
4295
283
4299
282
4302
285
4299
281
4291
284
4299
282
4294
286
4303
286
4294
281
4287
286
4320
281
4309
282
4298
286
4305
282
4301
282
4309
283
4290
284
4294
285
4298
279
4297
280
4291
281
4294
282
4297
282
4295
282
4293
282
4294
281
4290
282
4290
283
4293
285
4292
284
4287
287
4288
282
4295
285
4290
286
4289
283
4304
283
4303
279
4289
282
4293
284
4284
281
4299
286
4296
283
4294
282
4304
285
4303
282
4304
287
4299
281
4295
282
4310
288
4296
281
4285
286
4288
279
4294
280
4298
285
4286
284
4286
282
4291
281
4291
281
4294
285
4295
282
4299
283
4308
282
4287
283
4528
283
4293
278
4295
282
4299
282
4292
279
4297
285
4295
282
4299
282
4307
282
4300
282
4300
285
4343
288
4348
286
4303
283
4299
282
4295
287
4306
281
4300
304
4295
281
4311
281
4312
284
4324
280
4337
284
4325
283
4322
284
4338
286
4334
284
4329
287
4330
282
4321
284
4330
286
4329
284
4334
284
4323
283
4328
280
4347
285
4345
284
4344
283
4340
283
4348
285
4330
284
4316
284
4338
283
4328
283
4336
291
4322
285
4312
283
4337
282
4328
283
4333
288
4338
283
4335
288
4331
287
4344
283
4335
284
4351
285
4322
289
4325
282
4312
282
4335
283
4331
283
4344
283
4312
284
4313
283
4326
285
4321
282
4319
284
4335
284
4332
286
4327
283
4320
282
4313
282
4321
284
4327
289
4330
284
4389
284
4345
284
4327
282
4332
290
4333
284
4322
287
4326
284
4322
283
4339
284
4331
283
4329
288
4336
283
4325
280
4317
282
4310
281
4304
285
4304
281
4307
282
4315
282
4302
281
4289
284
4307
283
4322
279
4325
281
4293
284
4300
287
4305
282
4320
282
4301
282
4310
282
4321
288
4324
283
4314
282
4308
282
4302
283
4293
285
4289
281
4295
283
4308
282
4296
282
4299
285
4301
283
4294
282
4298
282
4291
282
4293
286
4306
284
4315
281
4308
282
4294
282
4287
285
4290
281
4298
281
4302
281
4302
281
4299
284
4299
282
4297
282
4308
282
4291
281
4305
282
4309
282
4303
282
4306
281
4301
282
4291
282
4294
281
4298
281
4309
280
4300
281
4303
282
4316
283
4315
281
4303
281
4314
283
4296
281
4283
281
4296
281
4297
284
4281
289
4283
283
4287
284
4288
283
4296
290
4281
282
4292
282
4297
284
4296
283
4293
290
4290
283
4287
280
4284
285
4293
280
4274
284
4286
280
4285
280
4303
283
4311
283
4307
286
4301
283
4292
283
4304
282
4300
278
4299
283
4301
282
4293
284
4305
286
4301
283
4285
283
4306
282
4299
282
4304
286
4295
282
4288
283
4301
281
4293
282
4285
284
4292
283
4295
280
4307
283
4306
285
4309
287
4309
283
4307
280
4307
281
4299
282
4292
286
4294
280
4300
284
4309
279
4299
282
4293
284
4299
279
4299
279
4307
278
4307
281
4293
284
4302
282
4301
281
4307
283
4303
281
4299
282
4304
281
4302
281
4308
282
4302
280
4306
282
4320
280
4303
281
4308
279
4303
279
4303
280
4301
286
4301
280
4309
283
4305
282
4297
283
4297
283
4298
284
4307
283
4302
284
4307
280
4302
282
4302
282
4319
283
4301
282
4300
281
4302
283
4297
281
4305
284
4300
282
4306
281
4322
281
4297
282
4292
285
4297
281
4301
281
4300
281
4300
282
4306
286
4327
282
4301
281
4300
285
4301
283
4294
285
4312
285
4311
284
4313
284
4309
283
4315
286
4367
285
4324
285
4322
284
4316
282
4333
285
4310
285
4314
285
4323
283
4309
283
4304
282
4301
283
4307
288
4307
283
4305
284
4302
283
4290
282
4300
289
4294
281
4302
279
4305
279
4306
280
4299
281
4287
281
4283
280
4307
281
4301
286
4302
287
4308
282
4296
283
4305
285
4296
281
4308
282
4325
283
4305
282
4298
284
4298
282
4305
283
4305
282
4304
282
4300
306
4295
283
4301
282
4308
281
4304
289
4304
283
4302
281
4298
282
4305
281
4297
282
4301
284
4293
281
4301
282
4303
283
4304
282
4297
285
4300
285
4310
284
4319
282
4304
283
4292
285
4301
281
4295
281
4291
281
4291
282
4295
285
4290
281
4291
280
4299
285
4291
279
4295
288
4337
286
4333
283
4309
286
4300
281
4302
282
4303
280
4303
284
4280
282
4284
283
4282
283
4282
282
4280
285
4296
283
4285
282
4291
282
4305
283
4306
283
4286
283
4280
285
4278
281
4284
282
4289
282
4287
283
4281
285
4286
283
4289
282
4288
281
4291
282
4280
281
4290
281
4298
285
4296
283
4291
280
4271
281
4281
281
4281
282
4282
282
4304
281
4284
280
4273
282
4282
283
4290
283
4296
282
4274
282
4288
279
4281
281
4277
282
4280
282
4275
282
4278
278
4277
281
4296
281
4287
281
4283
283
4285
282
4280
282
4285
282
4282
282
4270
283
4281
285
4282
283
4282
282
4307
282
4288
282
4278
280
4290
283
4290
282
4284
282
4277
282
4273
281
4298
285
4285
281
4289
281
4276
281
4280
281
4286
282
4288
282
4278
281
4281
281
4287
282
4279
287
4283
285
4289
279
4278
281
4280
282
4281
281
4277
281
4290
283
4305
281
4289
282
4289
283
4291
283
4275
282
4282
280
4280
283
4286
282
4279
284
4279
281
4281
281
4274
282
4275
283
4292
284
4286
283
4277
282
4274
282
4310
283
4296
284
4277
283
4283
282
4286
283
4290
282
4287
289
4299
284
4289
283
4276
283
4277
283
4285
282
4267
282
4276
283
4272
283
4287
282
4307
282
4275
282
4278
282
4261
278
4279
278
4276
281
4279
282
4278
282
4277
279
4278
282
4277
283
4280
284
4271
283
4274
282
4278
282
4274
282
4284
282
4294
279
4275
281
4274
282
4282
283
4285
282
4277
281
4279
281
4283
282
4278
283
4286
282
4277
283
4276
283
4271
281
4282
282
4288
283
4281
282
4279
281
4273
281
4281
283
4281
281
4272
284
4263
282
4280
282
4288
279
4285
288
4299
283
4278
282
4276
280
4523
282
4287
283
4278
280
4264
283
4276
281
4277
281
4286
283
4284
283
4270
282
4276
282
4285
284
4286
283
4288
283
4290
283
4282
287
4319
284
4286
282
4285
283
4284
279
4293
282
4284
282
4280
282
4298
282
4299
284
4281
282
4279
282
4285
283
4288
283
4281
282
4283
282
4283
283
4288
283
4285
282
4284
282
4284
282
4279
281
4298
282
4285
282
4278
282
4285
282
4281
282
4274
281
4284
279
4292
282
4291
282
4294
282
4276
284
4305
283
4283
284
4288
281
4283
282
4278
283
4274
285
4275
283
4291
282
4282
282
4290
282
4291
282
4272
283
4280
283
4285
281
4290
282
4291
282
4275
282
4284
282
4284
280
4289
281
4291
281
4286
282
4286
282
4286
281
4283
283
4304
283
4293
281
4292
282
4289
282
4291
282
4293
282
4287
282
4289
282
4284
281
4285
282
4277
288
4285
282
4282
284
4279
282
4294
281
4288
281
4287
282
4290
281
4277
283
4290
283
4289
283
4284
283
4285
282
4282
282
4289
282
4306
282
4292
282
4275
281
4290
281
4288
282
4286
281
4285
282
4282
281
4289
281
4288
281
4285
282
4289
282
4280
280
4284
281
4283
282
4287
282
4287
282
4284
282
4287
281
4284
281
4281
282
4286
282
4285
282
4285
283
4284
282
4297
283
4286
281
4281
282
4291
282
4291
280
4288
281
4287
281
4283
281
4282
283
4285
282
4295
282
4274
280
4292
281
4278
285
4303
283
4299
282
4277
282
4285
282
4301
284
4280
282
4295
283
4279
282
4281
282
4279
281
4289
282
4293
284
4296
282
4289
282
4274
281
4288
282
4288
282
4286
282
4289
283
4285
282
4324
282
4284
290
4291
282
4286
282
4285
282
4293
282
4279
282
4274
282
4281
282
4276
287
4286
281
4289
281
4278
281
4282
281
4283
282
4286
281
4280
281
4288
284
4298
283
4289
282
4297
282
4286
280
4287
283
4291
280
4274
282
4283
283
4282
280
4269
283
4282
281
4286
282
4275
282
4306
282
4290
282
4279
282
4271
281
4282
283
4288
282
4277
282
4288
281
4286
281
4293
281
4292
284
4306
282
4295
282
4291
282
4278
283
4293
282
4290
282
4284
283
4287
282
4292
282
4298
282
4286
281
4294
282
4287
281
4280
283
4281
283
4296
282
4284
282
4294
282
4281
283
4298
282
4292
282
4282
281
4285
284
4285
282
4286
281
4299
282
4285
283
4285
283
4288
282
4286
281
4288
281
4287
283
4282
283
4278
282
4282
283
4280
283
4290
284
4286
282
4289
281
4298
282
4282
281
4275
279
4281
279
4280
280
4272
281
4286
281
4274
281
4277
282
4278
282
4284
281
4300
281
4278
281
4285
282
4282
282
4277
281
4277
293
4281
281
4288
282
4277
280
4284
283
4281
282
4294
283
4289
285
4314
283
4286
283
4278
283
4284
284
4299
284
4477
283
4294
282
4278
282
4271
281
4267
279
4269
285
4285
283
4400
284
4302
279
4287
282
4284
282
4265
283
4276
285
4283
283
4283
282
4288
282
4281
279
4286
283
4277
285
4276
283
4436
321
4492
284
4300
281
4282
282
4291
283
4302
283
4302
283
4297
283
4282
282
4295
282
4287
280
4289
283
4400
286
4284
282
4286
282
4290
279
4293
282
4285
283
4286
282
4413
287
4300
284
4274
281
4289
283
4291
279
4295
282
4294
282
4283
281
4284
282
4286
282
4288
280
4284
281
4289
283
4275
282
4287
282
4355
292
4299
281
4291
283
4297
281
4355
283
4288
286
4285
283
4285
282
4289
284
4283
289
4282
283
4290
284
4288
283
4288
285
4282
283
4291
282
4323
327
4550
281
4299
282
4285
282
4285
309
4281
281
4276
285
4274
284
4284
283
4286
282
4292
282
4295
282
4409
283
4301
284
4282
283
4284
282
4279
283
4279
284
4292
282
4292
281
4318
281
4289
281
4287
282
4293
282
4291
283
4292
282
4279
284
4287
287
4271
282
4279
282
4275
281
4288
284
4279
282
4279
282
4276
279
4287
281
4282
282
4403
280
4287
282
4282
282
4273
283
4292
280
4294
282
4291
283
4285
282
4288
281
4289
281
4286
281
4279
281
4282
282
4289
283
4634
279
4304
282
4278
282
4281
282
4283
287
4289
282
4286
281
4272
283
4284
283
4283
281
4290
283
4385
283
4284
283
4289
283
4296
282
4287
281
4282
282
4271
283
4312
282
4284
282
4289
285
4290
283
4279
284
4299
283
4282
283
4288
283
4290
284
4285
282
4292
282
4294
281
4291
283
4285
282
4287
282
4284
282
4295
282
4288
282
4400
279
4288
283
4290
281
4292
283
4283
282
4298
283
4289
283
4293
282
4296
282
4292
284
4300
282
4300
283
4283
282
4290
283
4659
284
4313
282
4293
284
4284
282
4289
280
4285
283
4290
286
4276
281
4286
283
4290
282
4288
283
4412
284
4292
280
4279
283
4281
283
4280
282
4274
282
4276
284
4302
282
4286
280
4292
281
4284
282
4290
281
4284
280
4273
281
4281
280
4283
281
4288
281
4281
278
4282
279
4287
281
4288
282
4285
281
4283
284
4281
282
4279
283
4293
283
4400
280
4302
283
4286
280
4289
281
4293
282
4287
281
4288
282
4292
282
4294
281
4282
281
4284
281
4283
284
4271
280
4653
281
4278
285
4291
282
4291
283
4293
280
4296
282
4304
282
4292
282
4296
281
4285
281
4296
285
4407
283
4288
278
4322
350
5822
292
4289
282
4295
282
4282
282
4298
281
4288
282
4286
283
4289
279
4705
282
4292
281
4285
281
4277
286
4287
285
4279
282
4289
285
4692
281
4304
282
4294
282
4276
282
4287
282
4282
283
4290
287
4399
282
4282
282
4282
282
4282
282
4276
282
4280
284
4271
283
4277
280
4285
282
4281
282
4288
283
4270
282
4269
283
4352
329
4580
287
4285
282
4282
282
4304
283
4278
278
4282
282
4281
279
4284
283
4278
281
4283
281
4287
283
4420
282
4289
280
4286
280
4292
282
4290
282
4288
281
4282
281
4301
284
4318
283
4287
287
4284
282
4280
286
4290
282
4288
282
4289
279
4280
280
4279
281
4279
281
4285
283
4279
282
4288
282
4272
282
4290
282
4283
282
4286
284
4401
282
4276
279
4284
283
4308
283
4301
286
4308
294
4581
284
4421
286
4421
283
4401
286
4323
285
4337
285
4340
284
4344
289
4384
286
4361
287
4383
289
4358
285
4351
289
4350
285
4340
283
4346
284
4332
284
4361
287
4365
283
4397
289
4350
289
4402
291
4357
291
4359
287
4446
292
4403
286
4431
288
4439
286
4387
284
4378
284
4378
282
4406
309
4380
287
4383
284
4377
282
4376
288
4396
286
4338
287
4340
283
4332
284
4354
285
4329
281
4315
282
4308
285
4320
283
4343
284
4332
284
4355
289
4320
283
4338
286
4336
284
4327
283
4311
286
4329
283
4335
290
4324
285
4314
284
4323
284
4317
281
4303
282
4309
282
4308
283
4310
283
4306
282
4291
282
4298
282
4301
282
4293
287
4329
283
4310
282
4302
288
4306
282
4297
284
4300
282
4293
286
4300
281
4302
282
4302
285
4293
281
4304
282
4301
282
4299
289
4329
284
4308
285
4319
282
4335
285
4299
280
4290
284
4285
279
4293
284
4300
283
4298
278
4293
282
4319
280
4310
282
4305
281
4302
285
4303
285
4303
280
4301
282
4300
280
4703
283
4442
283
4319
284
4324
285
4443
285
4433
288
4665
284
4354
319
4365
283
4305
284
4301
283
4305
286
4302
282
4337
284
4336
289
4319
282
4290
285
4291
280
4296
281
4300
282
4304
281
4303
285
4303
284
4314
282
4304
281
4313
283
4317
288
4322
285
4315
284
4315
284
4312
282
4308
285
4289
281
4291
283
4301
287
4322
283
4307
285
4304
281
4295
281
4295
281
4313
282
4325
286
4331
283
4311
283
4308
282
4301
279
4298
283
4294
284
4276
285
4299
283
4303
282
4296
285
4299
283
4294
283
4301
282
4305
282
4306
289
4304
279
4295
279
4292
304
4306
283
4294
282
4288
283
4298
280
4300
282
4311
284
4319
287
4306
285
4304
283
4299
286
4323
290
4346
293
4330
283
4297
284
4300
282
4330
282
4301
284
4304
282
4311
283
4311
285
4380
287
4408
286
4444
282
4306
282
4304
281
4306
281
4302
284
4302
281
4299
282
4297
285
4297
281
4301
282
4306
282
4284
282
4284
285
4313
282
4424
282
4314
284
4299
279
4611
284
4358
287
4317
283
4296
281
4303
280
4327
285
4383
352
4879
329
5841
363
6198
388
6256
315
6638
311
4692
310
4532
285
4502
289
4413
290
4615
395
4721
364
4810
324
5313
318
4948
317
4640
304
4582
292
4477
290
4419
286
4346
287
4538
304
4612
316
4878
349
4505
289
4501
298
4483
284
4471
307
4512
315
4514
289
4434
291
4315
281
4290
284
4308
283
4334
287
4378
303
4391
287
4394
287
4488
288
4422
289
4443
285
4402
287
4408
286
4406
287
4427
300
4376
286
4397
292
5755
357
4525
284
4337
310
4345
286
4358
286
4346
286
4343
286
4363
285
4353
289
4365
288
4349
285
4329
284
4330
283
4339
288
4334
286
4327
285
4333
288
4324
286
4339
287
4331
285
4338
284
4338
284
4333
287
4347
288
4334
285
4334
285
4330
284
4313
282
4338
286
4328
285
4323
282
4330
283
4334
283
4307
285
4332
285
4336
283
4319
280
4286
282
4278
279
4279
281
4284
283
4293
284
4283
285
4310
286
4307
278
4315
283
4332
284
4423
290
4393
288
4391
309
4382
296
4375
292
4367
288
5147
372
6484
427
4747
292
4591
328
4615
288
4401
286
4410
290
4430
304
4393
285
4372
286
4402
287
4410
288
4404
287
4345
283
4297
281
4280
279
4332
284
4366
285
4368
287
4365
288
4376
284
4374
289
4397
284
4374
284
4365
286
4369
288
4384
304
4375
285
4373
286
4371
285
4382
291
4380
289
4317
303
4334
287
4373
286
4390
307
4387
286
4366
284
4424
284
4435
290
4502
289
4501
295
4445
290
4464
291
4457
287
4447
300
4441
332
4491
294
4472
290
4473
286
4326
282
4318
284
4297
283
4478
292
4490
289
4581
291
4482
287
4451
325
4390
286
4347
284
4312
282
4340
284
4352
286
4359
287
4328
304
4297
286
4301
282
4356
284
4357
285
4361
284
4336
284
4293
283
4297
283
4275
285
4282
282
4312
301
4350
285
4361
286
4356
284
4360
285
4400
286
4348
285
4339
284
4356
284
4344
285
4348
288
4351
286
4402
291
4432
291
4409
289
4398
289
4383
289
4354
292
4370
289
4356
291
4351
287
4351
285
4314
282
4304
285
4313
288
4308
284
4381
290
4416
283
4387
288
4386
287
4361
288
4363
291
4377
288
4356
285
4564
283
4305
284
4304
283
4305
283
4299
285
4305
282
4304
282
4346
289
4406
288
4389
285
4373
289
4569
289
4389
286
4366
288
4368
284
4356
281
4305
284
4302
281
4285
283
4287
279
4298
282
4299
281
4304
286
4316
286
4329
285
4306
282
4296
282
4294
282
4269
283
4282
282
4293
284
4285
282
4289
282
4303
283
4314
284
4310
284
4341
286
4338
285
4347
289
4408
288
4409
292
4387
288
4392
289
4348
283
4300
284
4294
287
4279
283
4279
280
4288
281
4287
282
4285
283
4292
283
4295
282
4298
282
4300
283
4314
283
4322
284
4325
288
4289
280
4289
281
4288
281
4287
282
4290
281
4296
282
4287
282
4276
282
4322
282
4299
282
4295
282
4293
283
4319
282
4327
286
4336
286
4333
285
4347
286
4317
281
4316
282
4303
281
4299
281
4291
283
4298
282
4327
282
4324
285
4334
286
4330
285
4332
283
4333
284
4336
285
4324
284
4328
285
4336
286
4321
285
4282
284
4268
283
4295
285
4318
286
4331
285
4335
284
4305
282
4285
283
4282
283
4289
282
4282
280
4278
282
4284
282
4284
282
4284
282
4286
283
4283
281
4281
281
4292
282
4303
283
4309
283
4301
282
4312
283
4310
284
4303
283
4310
284
4300
281
4280
281
4276
282
4283
283
4311
284
4309
284
4304
285
4301
284
4315
286
4308
283
4308
283
4309
284
4307
282
4308
284
4303
284
4320
283
4316
283
4306
282
4317
284
4307
280
4288
282
4307
281
4285
281
4285
281
4282
281
4289
282
4283
282
4294
282
4296
282
4291
283
4294
282
4297
283
4297
283
4294
284
4290
283
4310
282
4303
282
4320
284
4308
286
4340
289
4388
289
4366
289
4364
286
4343
283
4374
292
4391
289
4370
286
4350
288
4365
288
4371
288
4366
286
4378
285
4383
290
4537
301
4581
310
4473
316
4518
285
4375
289
4395
287
4376
285
4339
287
4342
285
4326
289
4389
291
4405
288
4471
290
4459
292
4701
305
4528
298
4440
285
4391
290
4458
291
4496
290
4451
290
4394
288
4369
289
4356
287
4317
284
4307
282
4296
283
4299
280
4299
280
4305
282
4304
284
4293
281
4294
285
4299
290
4358
292
4543
296
4527
292
4439
291
4441
290
4381
286
4361
288
4355
288
4354
290
4330
288
4301
282
4295
283
4295
283
4365
285
4510
286
4443
288
4434
288
4400
285
4323
286
4316
284
4313
285
4319
285
4292
287
4294
284
4303
284
4292
283
4425
284
4447
285
4447
289
4446
292
4466
288
4403
286
4381
288
4335
284
4296
286
4285
282
4289
282
4290
282
4292
287
4345
296
4363
287
4396
293
4415
284
4387
289
4392
287
4359
287
4330
285
4309
284
4313
288
4308
285
4321
285
4408
292
4504
292
4520
295
4695
349
6506
417
4819
312
4573
292
4395
287
4361
289
4321
284
4306
290
4325
283
4390
290
4396
286
4425
291
4400
290
4399
287
4358
287
4367
288
4364
286
4337
286
4332
285
4332
288
4343
286
4395
287
4473
293
4439
306
4434
292
4406
288
4368
287
4360
287
4359
283
4362
293
4387
284
4368
286
4381
290
4405
289
4451
290
4428
290
4406
291
4384
288
4372
282
4362
284
4340
286
4338
285
4316
285
4306
284
4299
283
4318
288
4439
289
4438
307
4431
285
4408
291
4329
287
4316
284
4320
285
4311
283
4318
285
4307
284
4315
284
4336
285
4330
288
4329
286
4301
284
4291
283
4286
283
4282
282
4297
283
4284
283
4293
283
4292
280
4291
284
4291
283
4324
286
4311
283
4317
286
4334
286
4378
295
4425
294
4407
288
4420
290
4371
287
4370
301
4360
285
4333
281
4328
285
4307
282
4297
280
4295
283
4304
284
4298
284
4338
285
4335
285
4337
285
4352
287
4346
280
4306
281
4297
281
4279
283
4285
283
4280
281
4288
282
4282
281
4278
283
4288
281
4286
282
4287
284
4285
282
4330
285
4340
284
4353
284
4334
286
4341
281
4285
282
4294
280
4282
281
4296
281
4309
283
4298
281
4293
282
4318
285
4322
285
4331
286
4337
284
4344
285
4345
286
4321
287
4335
286
4329
282
4315
282
4308
282
4289
283
4287
282
4278
282
4324
289
4329
287
4342
291
4326
288
4353
289
4355
288
4338
285
4314
283
4403
290
4341
290
4452
288
4342
288
4446
283
4388
285
4355
285
4364
291
4346
284
4312
282
4325
288
4337
284
4411
288
4461
290
4382
285
4369
284
4363
286
4356
285
4347
284
4361
284
4325
282
4309
283
4335
287
4349
286
4417
292
4354
282
4286
283
4274
280
4275
281
4296
283
4281
282
4291
281
4292
281
4286
281
4302
284
4310
282
4296
286
4288
281
4281
281
4283
281
4279
281
4282
281
4316
283
4332
286
4347
287
4329
286
4295
282
4329
283
4282
283
4296
282
4290
282
4278
282
4275
283
4285
282
4287
283
4291
283
4282
284
4283
283
4280
286
4293
283
4281
282
4277
282
4283
283
4283
282
4290
281
4289
281
4290
282
4282
281
4281
281
4304
282
4284
282
4283
283
4286
282
4280
280
4285
281
4286
282
4299
285
4325
285
4327
286
4328
281
4305
284
4289
284
4291
280
4284
281
4292
284
4312
284
4288
283
4277
282
4291
282
4290
282
4291
282
4274
281
4284
282
4281
282
4284
281
4295
281
4285
281
4299
281
4305
284
4361
284
4342
286
4330
288
4286
282
4289
282
4290
282
4287
283
4309
283
4305
282
4320
283
4541
285
4318
284
4295
280
4292
283
4287
282
4279
282
4287
283
4274
283
4284
282
4278
283
4286
281
4292
280
4277
282
4293
281
4287
282
4281
282
4286
282
4279
281
4280
281
4277
281
4281
281
4284
281
4283
280
4285
281
4284
283
4606
361
4333
286
4288
282
4318
283
4300
284
4293
283
4287
284
4288
284
4289
284
4283
283
4282
283
4287
283
4295
283
4279
283
4288
284
4288
283
4297
283
4293
283
4278
283
4316
281
4283
282
4290
282
4287
278
4295
282
4287
282
4292
277
4292
282
4283
282
4278
282
4282
282
4284
281
4285
283
4283
282
4276
281
4278
281
4276
281
4282
283
4279
286
4288
283
4291
280
4278
281
4290
281
4288
282
4287
281
4278
282
4276
282
4280
282
4286
282
4285
281
4284
281
4302
336
4605
284
4305
284
4281
282
4289
285
4317
285
4331
285
4327
283
4321
285
4334
285
4314
284
4318
282
4301
282
4279
282
4290
281
4299
284
4317
283
4309
284
4303
281
4298
283
4284
283
4292
283
4287
284
4278
283
4276
284
4279
285
4291
283
4280
284
4276
286
4284
285
4401
284
4503
290
4440
284
4300
284
4295
283
4315
286
4384
290
4364
288
4351
284
4341
290
4359
285
4514
316
4784
316
4611
307
4775
307
4745
309
4631
303
4479
286
4386
282
4288
281
4720
286
4318
286
4301
283
4311
292
4378
289
4485
286
4367
292
4443
288
4407
303
4490
317
4507
288
4575
311
4447
290
4426
289
4414
284
4329
283
4286
281
4284
282
4291
281
4276
282
4286
281
4292
281
4285
281
4292
286
4295
290
4298
282
4282
282
4338
287
4351
292
4432
291
4455
292
4525
291
4408
288
4372
286
4325
284
4300
282
4296
282
4297
283
4295
284
4298
282
4294
285
4293
281
4286
282
4322
290
4391
285
4370
290
4466
295
4403
286
4409
289
4383
286
4310
283
4282
284
4287
282
4291
284
4294
284
4289
284
4286
282
4282
281
4376
289
4426
310
4406
304
4426
287
4419
299
4370
282
4302
281
4279
282
4291
281
4281
282
4299
286
4301
282
4286
281
4285
281
4348
284
4343
293
4359
285
4365
294
4423
289
4395
285
4309
285
4294
284
4295
285
4300
282
4303
282
4310
281
4308
285
4302
286
4332
286
4363
285
4354
285
4378
290
4386
284
4317
283
4317
284
4308
284
4317
283
4319
280
4286
283
4294
283
4288
282
4327
285
4356
284
4369
283
4452
291
4402
287
4377
289
4325
283
4310
284
4311
283
4308
284
4302
286
4316
285
4318
284
4312
284
4299
284
4303
289
4317
289
4319
286
4313
285
4334
284
4328
290
4336
291
4378
288
4365
290
4400
287
4371
285
4367
286
4353
288
4341
287
4323
280
4329
284
4343
284
4337
285
4332
286
4339
292
4344
292
4347
289
4340
283
4303
282
4297
287
4295
289
4289
286
4305
284
4317
283
4310
287
4300
288
4304
286
4310
282
4289
281
4291
284
4304
286
4320
290
4349
286
4294
285
4335
290
4415
292
4461
289
4439
286
4435
288
4413
293
4425
286
4390
289
4389
286
4399
287
4350
284
4327
284
4302
282
4283
282
4271
282
4290
282
4295
282
4279
282
4277
280
4288
282
4275
279
4377
287
4376
285
4372
286
4375
283
4409
284
4360
286
4332
282
4311
284
4297
285
4312
280
4319
282
4311
284
4304
282
4303
282
4305
283
4307
282
4307
280
4298
283
4299
284
4298
278
4317
283
4353
285
4349
286
4359
282
4350
284
4369
284
4351
281
4327
282
4331
285
4345
286
4346
284
4351
285
4354
287
4314
283
4306
286
4298
286
4290
281
4305
282
4337
285
4341
285
4340
286
4349
286
4362
291
4338
283
4346
285
4330
284
4302
287
4299
285
4292
282
4301
283
4293
282
4293
286
4292
285
4307
282
4321
285
4327
286
4345
293
4358
287
4360
285
4339
283
4297
282
4299
283
4297
283
4297
282
4298
281
4292
281
4290
285
4295
282
4295
283
4299
282
4299
283
4303
285
4312
285
4360
286
4356
285
4349
285
4345
285
4344
283
4332
284
4305
283
4299
281
4305
281
4301
281
4296
285
4297
281
4298
281
4303
283
4318
281
4318
285
4311
282
4309
282
4302
282
4305
281
4300
284
4303
281
4303
282
4302
279
4332
284
4323
284
4311
282
4310
282
4337
284
4326
287
4342
288
4340
283
4337
285
4353
289
4345
283
4336
285
4349
284
4326
286
4322
283
4344
281
4336
286
4368
286
4354
287
4336
283
4294
284
4286
282
4293
283
4289
281
4283
283
4273
280
4281
283
4287
290
4308
285
4287
282
4311
284
4286
283
4287
286
4290
284
4294
284
4324
284
4345
284
4357
282
4343
286
4316
284
4306
283
4303
283
4302
284
4303
284
4306
281
4292
281
4327
283
4287
281
4297
284
4295
282
4286
282
4289
282
4297
281
4306
285
4303
281
4286
280
4298
281
4287
281
4316
283
4318
284
4312
282
4408
288
4360
285
4344
286
4336
288
4318
298
4352
283
4331
281
4311
283
4300
282
4303
282
4325
280
4314
283
4321
284
4321
292
4311
285
4300
282
4322
283
4322
288
4313
283
4307
286
4297
283
4301
283
4307
285
4292
283
4297
287
4299
284
4305
284
4315
286
4316
284
4316
284
4307
300
4305
284
4308
283
4307
281
4302
284
4300
281
4301
281
4314
285
4309
284
4301
286
4342
284
4305
283
4300
287
4310
283
4294
287
4306
284
4304
281
4304
287
4305
283
4296
286
4295
284
4294
284
4307
285
4299
284
4315
284
4307
283
4303
282
4299
282
4300
280
4294
286
4295
283
4295
283
4293
286
4290
283
4296
283
4305
282
4301
284
4314
291
4305
283
4303
281
4316
281
4309
282
4301
285
4286
282
4289
282
4298
282
4290
282
4297
288
4292
282
4299
283
4298
282
4300
282
4306
289
4298
282
4305
282
4297
282
4291
281
4303
286
4297
282
4303
282
4304
283
4294
285
4290
287
4294
283
4291
286
4295
283
4293
284
4289
288
4287
283
4298
286
4301
282
4300
282
4299
284
4465
283
4353
286
4338
282
4309
285
4299
285
4310
287
4382
287
4361
283
4335
284
4336
285
4331
285
4329
285
4340
282
4327
285
4440
316
4625
312
4558
283
4452
294
4471
305
4352
282
4306
283
4290
282
4305
283
4305
278
4317
294
4354
291
5144
302
5705
330
4510
290
4425
292
4390
288
4404
290
4431
298
4385
289
4306
281
4288
281
4291
284
4297
285
4285
284
4282
283
4286
283
4296
284
4287
282
4399
286
4411
322
4440
295
4475
289
4384
289
4377
289
4373
289
4356
286
4344
283
4303
288
4292
284
4306
282
4309
284
4286
284
4299
290
4293
283
4312
286
4331
288
4357
287
4402
290
4426
288
4388
291
4378
280
4315
279
4320
282
4305
282
4305
281
4292
282
4294
283
4297
285
4295
283
4309
286
4343
284
4367
286
4355
292
4419
288
5117
315
4954
325
4471
286
4322
284
4371
287
4311
282
4293
281
4281
282
4301
282
4287
282
4461
300
4475
286
4536
293
4459
285
4444
287
4346
278
4322
284
4302
281
4310
281
4308
280
4305
281
4307
284
4299
281
4302
282
4337
284
4356
284
4357
290
4373
290
4410
296
4391
289
4352
284
4292
284
4297
284
4322
286
4298
285
4299
278
4306
282
4295
279
4326
289
4374
284
4375
296
4437
291
4407
288
4372
290
4300
279
4289
281
4303
282
4289
283
4298
281
4291
281
4287
282
4356
284
4385
286
4375
284
4379
291
4422
291
4392
287
4324
282
4327
285
4335
283
4331
284
4324
284
4334
284
4324
284
4335
286
4328
284
4334
289
4352
285
4356
285
4338
287
4333
282
4332
286
4353
284
4349
285
4330
282
4301
283
4296
288
4297
281
4305
283
4322
283
4329
286
4336
285
4342
286
4357
283
4353
286
4337
283
4344
283
4317
284
4322
286
4303
279
4295
279
4296
282
4292
280
4287
282
4292
282
4287
283
4293
287
4306
284
4307
285
4309
284
4299
280
4297
283
4332
287
4325
283
4309
284
4355
284
4401
288
4381
286
4382
297
4419
285
4380
287
4383
287
4363
286
4336
283
4308
281
4329
289
4357
284
4376
286
4379
288
4371
292
4386
294
4356
287
4380
286
4380
286
4970
343
4730
368
4711
286
4723
306
4501
284
4453
291
4462
295
4385
289
4351
286
4334
289
4360
285
4348
287
4367
287
4346
287
4355
287
4352
284
4325
287
4325
286
4353
283
4363
286
4343
283
4367
287
4344
283
4343
285
4351
286
4331
288
4325
282
4300
283
4301
285
4299
283
4319
287
4357
285
4355
283
4363
287
4364
283
4349
285
4347
283
4341
283
4314
282
4311
285
4291
285
4298
281
4286
281
4298
281
4293
282
4301
281
4349
283
4329
284
4342
284
4350
282
4347
287
4344
288
4354
285
4348
286
4356
293
4354
285
4364
289
4333
292
4345
286
4349
287
4318
285
4315
283
4323
285
4321
286
4339
284
4341
283
4319
283
4325
282
4318
283
4326
283
4327
285
4298
282
4299
284
4309
283
4303
280
4333
282
4295
282
4307
282
4304
283
4305
282
4298
281
4307
281
4304
281
4302
282
4302
283
4298
282
4299
283
4307
282
4299
282
4301
282
4304
281
4298
281
4296
285
4328
281
4300
282
4293
280
4299
282
4296
285
4306
279
4304
279
4289
281
4298
283
4303
286
4304
283
4299
283
4299
282
4299
282
4296
294
4305
283
4298
282
4281
279
4287
280
4295
287
4302
282
4301
283
4305
283
4291
280
4300
283
4297
283
4309
283
4314
282
4304
283
4301
286
4299
282
4304
281
4304
282
4295
282
4291
286
4299
283
4300
285
4296
281
4297
281
4290
287
4296
283
4302
286
4306
282
4297
284
4301
280
4307
280
4301
286
4288
286
4300
279
4300
281
4293
281
4300
289
4295
285
4298
283
4294
282
4300
287
4301
289
4296
286
4301
283
4297
281
4299
281
4305
285
4293
285
4303
282
4308
282
4319
282
4305
284
4304
284
4300
284
4301
281
4308
282
4305
286
4298
286
4299
280
4295
281
4302
282
4305
285
4299
285
4303
281
4293
282
4307
279
4304
285
4302
286
4302
283
4300
286
4306
281
4307
285
4299
285
4292
280
4298
281
4300
283
4298
285
4304
286
4291
283
4296
282
4302
282
4292
283
4298
283
4294
282
4295
281
4303
281
4337
282
4301
283
4306
282
4290
283
4299
283
4291
281
4304
280
4298
281
4305
282
4303
279
4301
283
4305
282
4293
281
4290
286
4306
284
4304
282
4299
283
4305
283
4302
283
4299
286
4297
282
4310
282
4305
282
4297
282
4286
286
4302
283
4305
283
4292
282
4294
281
4294
287
4292
283
4300
282
4288
283
4296
282
4302
286
4306
284
4304
284
4307
281
4358
290
4462
288
4403
304
4496
287
4309
282
4293
282
4303
283
4292
279
4288
285
4286
282
4287
282
4301
282
4303
285
4300
285
4299
283
4295
283
4306
281
4298
282
4294
284
4302
283
4326
283
4351
284
4339
282
4309
285
4306
282
4320
284
4388
286
4381
286
4348
288
4339
286
4344
286
4342
284
4373
285
4583
295
4665
307
4590
308
4331
288
4343
288
4533
309
4622
319
4507
291
4461
287
4359
286
4399
287
4437
289
4451
291
4437
291
4411
289
4437
287
4377
287
4385
287
4400
290
4361
290
4382
285
4383
289
4369
290
4376
286
4309
283
4284
284
4284
283
4390
286
4418
287
4426
288
4377
283
4380
287
4371
285
4349
288
4342
288
4345
285
4338
286
4361
286
4360
283
4353
288
4340
282
4356
285
4334
286
4400
294
4422
288
4399
288
4381
286
4373
289
4371
289
4353
286
4346
285
4374
280
4349
285
4323
283
4322
284
4326
287
4349
291
4401
291
4396
289
4429
287
4360
286
4363
287
4325
287
4329
280
4308
284
4305
280
4300
285
4314
282
4294
283
4308
282
4316
283
4315
287
4324
285
4436
323
4477
287
4386
293
4376
287
4345
285
4328
284
4334
283
4324
284
4336
288
4320
284
4321
284
4326
283
4333
285
4352
287
4358
284
4338
283
4348
283
4340
283
4343
283
4310
283
4312
286
4300
285
4293
281
4290
282
4287
279
4299
278
4312
287
4301
280
4304
283
4341
285
4290
291
4297
283
4288
281
4454
285
4348
282
4331
288
4457
286
4506
300
4492
289
4454
289
4435
286
4452
290
4419
286
4412
284
4415
293
4336
285
4314
284
4299
284
4289
285
4288
283
4280
283
4289
282
4288
282
4316
281
4327
285
4333
285
4329
285
4338
283
4336
284
4340
285
4325
284
4339
286
4331
283
4320
285
4338
286
4343
285
4346
285
4336
285
4355
286
4347
283
4324
282
4310
283
4336
285
4386
286
4355
283
4378
286
4311
283
4303
283
4376
288
4333
281
4308
283
4291
281
4294
283
4288
282
4280
282
4285
281
4280
281
4284
280
4279
282
4281
281
4303
286
4323
285
4346
284
4330
284
4325
288
4317
282
4303
282
4292
282
4276
280
4285
281
4277
284
4282
282
4287
282
4280
282
4281
288
4283
282
4288
282
4281
278
4287
282
4289
281
4287
283
4290
281
4271
282
4271
281
4279
281
4268
281
4284
281
4275
281
4307
284
4293
290
4303
281
4293
281
4288
282
4287
283
4283
280
4298
280
4286
282
4269
280
4281
280
4287
281
4285
279
4289
283
4409
282
4285
282
4288
283
4299
291
4287
282
4277
280
4295
283
4286
282
4301
283
4342
285
4308
286
4287
286
4290
284
4283
284
4278
287
4283
285
4279
281
4283
283
4287
283
4288
284
4291
283
4283
283
4282
284
4284
283
4287
283
4297
282
4288
282
4284
280
4289
286
4286
284
4291
279
4285
283
4292
283
4283
282
4289
282
4293
282
4299
283
4281
283
4281
281
4298
282
4293
282
4288
281
4304
284
4299
284
4293
285
4289
282
4295
285
4285
281
4284
282
4292
281
4289
282
4277
283
4281
281
4276
284
4277
284
4270
284
4280
283
4280
284
4282
284
4278
288
4290
283
4287
283
4273
279
4280
282
4284
282
4279
283
4286
282
4285
282
4284
283
4286
283
4283
285
4284
282
4284
282
4279
283
4275
282
4280
282
4293
282
4273
283
4284
283
4284
282
4281
282
4287
281
4288
281
4284
281
4296
282
4288
282
4305
285
4285
282
4284
280
4280
283
4282
282
4279
282
4279
282
4269
282
4289
283
4275
282
4285
283
4276
283
4276
283
4283
281
4285
282
4292
283
4297
283
4287
281
4284
282
4282
282
4275
282
4275
282
4291
280
4288
281
4286
281
4277
279
4293
282
4282
281
4288
282
4294
282
4280
281
4287
284
4283
282
4295
281
4291
281
4292
282
4287
283
4290
282
4284
282
4274
283
4281
281
4289
282
4290
282
4280
282
4285
282
4288
282
4287
282
4287
282
4289
283
4288
290
4308
282
4304
282
4306
281
4287
279
4284
283
4302
280
4302
280
4306
279
4298
280
4297
287
4299
282
4298
285
4303
282
4305
282
4301
285
4306
282
4307
282
4315
285
4296
282
4303
284
4307
282
4302
281
4297
281
4296
281
4294
285
4300
281
4294
283
4296
281
4299
281
4296
282
4307
281
4295
282
4301
282
4303
283
4301
283
4310
288
4297
283
4302
285
4297
283
4294
283
4307
283
4304
283
4299
282
4300
282
4299
282
4306
282
4299
283
4293
285
4301
284
4301
283
4309
283
4312
283
4319
282
4283
282
4289
282
4292
281
4284
282
4279
281
4294
282
4288
282
4293
282
4279
283
4283
282
4290
280
4281
278
4282
283
4283
282
4281
282
4310
281
4290
281
4295
282
4284
282
4270
282
4283
284
4293
283
4286
284
4281
283
4273
283
4288
283
4275
284
4278
284
4280
282
4292
283
4283
282
4284
285
4295
282
4286
279
4271
282
4292
281
4287
281
4287
281
4288
282
4287
282
4292
283
4280
281
4295
279
4295
280
4287
282
4281
283
4279
282
4286
282
4298
284
4434
288
4338
287
4306
283
4292
282
4279
280
4299
283
4360
286
4346
285
4345
285
4312
285
4333
286
4365
281
4356
283
4353
289
4355
289
4626
306
4522
305
4469
289
4422
290
4499
286
4315
282
4312
284
4540
287
4356
284
4348
289
4410
290
4382
292
4336
285
4329
286
4348
289
4418
306
4509
301
4365
288
4370
290
4348
285
4331
289
4299
282
4295
280
4305
280
4297
281
4295
286
4296
285
4301
285
4300
280
4301
281
4297
286
4294
280
4294
281
4311
286
4328
285
4336
289
4327
284
4314
283
4338
281
4303
280
4308
286
4299
280
4297
282
4306
282
4296
282
4296
289
4298
283
4300
285
4323
282
4328
282
4306
287
4304
282
4286
281
4304
281
4303
281
4303
287
4301
281
4302
282
4304
281
4293
281
4295
285
4305
281
4299
284
4332
283
4331
284
4330
287
4339
283
4338
286
4336
283
4323
285
4339
286
4318
281
4331
283
4331
283
4315
282
4302
284
4300
282
4299
282
4295
281
4320
283
4356
284
4349
283
4338
293
4378
293
4377
290
4380
284
4364
287
4320
284
4287
284
4296
283
4283
280
4282
282
4277
284
4282
282
4303
286
4330
284
4350
282
4350
297
4404
289
4390
294
4455
289
4372
285
4347
283
4305
282
4295
281
4290
278
4287
281
4291
283
4281
282
4302
283
4305
283
4399
283
4348
285
4348
290
4415
288
4400
289
4337
284
4308
285
4318
284
4319
283
4302
283
4300
283
4299
283
4307
283
4307
285
4315
284
4314
285
4300
283
4310
284
4322
285
4318
285
4323
284
4378
283
4348
288
4343
285
4358
286
4348
283
4331
283
4325
283
4303
281
4297
281
4301
283
4299
282
4296
285
4304
281
4318
279
4303
279
4288
279
4299
283
4297
279
4358
284
4325
282
4302
281
4303
282
4298
278
4318
288
4389
284
4367
286
4390
294
4389
286
4373
285
4364
286
4311
285
4303
284
4335
284
4349
285
4356
287
4375
291
4380
286
4377
293
4373
285
4363
289
4330
284
4310
282
4298
285
4316
283
4336
289
4340
284
4336
285
4337
288
4340
284
4343
281
4337
284
4323
282
4310
282
4443
282
4302
286
4347
284
4446
292
4359
284
4394
293
4894
372
6495
288
4530
283
4344
281
4307
281
4445
284
4361
286
4365
286
4378
288
4369
289
4357
286
4367
290
4332
286
4316
284
4300
284
4303
283
4304
284
4341
288
4416
288
4390
461
4571
287
4328
282
4315
281
4296
283
4275
283
4287
282
4275
282
4281
281
4286
283
4281
283
4285
284
4312
284
4337
288
4324
281
4318
284
4290
281
4280
279
4300
283
4281
284
4288
282
4293
284
4316
282
4297
282
4289
281
4288
283
4292
281
4280
281
4289
281
4290
284
4314
282
4322
285
4321
285
4372
290
4409
284
4383
289
4367
289
4306
285
4297
282
4283
283
4284
282
4286
283
4301
280
4309
285
4307
294
4383
282
4287
282
4289
283
4299
283
4314
301
4377
288
4459
293
4421
291
4312
282
4295
285
4287
284
4281
283
4286
285
4277
285
4288
284
4295
282
4276
282
4286
282
4281
282
4295
285
4363
288
4346
283
4353
284
4306
283
4288
283
4289
283
4292
285
4304
282
4295
282
4292
283
4282
283
4285
282
4276
287
4288
280
4300
286
4332
289
4311
282
4320
287
4335
285
4286
281
4295
283
4287
282
4276
282
4284
282
4282
279
4281
282
4291
282
4262
282
4288
282
4286
281
4284
282
4281
282
4276
282
4289
283
4286
285
4337
288
4325
283
4365
287
4387
288
4452
289
4404
286
4392
287
4362
291
4337
285
4309
283
4308
283
4306
282
4305
283
4298
284
4304
284
4307
286
5156
370
6571
363
4412
289
4576
290
4411
286
4411
289
4359
283
4301
282
4293
283
4288
282
4279
283
4290
283
4302
283
4296
282
4279
284
4276
282
4310
285
4333
287
4321
284
4360
292
4419
289
4385
284
4328
282
4295
281
4279
281
4283
281
4280
282
4286
282
4291
284
4288
282
4281
281
4282
280
4294
282
4291
281
4283
281
4284
281
4286
281
4290
282
4289
282
4287
282
4287
281
4305
283
4323
285
4296
282
4305
285
4320
284
4380
283
4353
291
4389
286
4367
286
4364
286
4353
285
4366
284
4380
293
4397
284
4371
287
4317
283
4330
282
4302
283
4279
283
4282
286
4308
287
4314
285
4318
284
4309
288
4307
287
4319
283
4310
283
4298
284
4290
281
4280
283
4281
283
4276
280
4287
283
4284
282
4275
283
4278
284
4280
283
4286
283
4282
283
4283
283
4296
281
4293
280
4298
282
4294
281
4282
282
4287
282
4288
282
4278
285
4283
281
4283
282
4272
282
4280
285
4296
283
4383
303
4548
302
4371
295
4368
283
4304
284
4311
283
4304
283
4314
286
4304
280
4295
283
4296
281
4299
281
4291
282
4286
281
4276
281
4296
283
4272
283
4287
280
4284
282
4330
286
4358
284
4357
284
4336
283
4320
284
4335
283
4391
287
4383
286
4372
285
4370
285
4365
286
4376
287
4361
290
4431
312
4686
327
4847
297
4671
310
4727
315
4737
286
4545
295
4448
298
4554
295
4479
286
4398
288
4405
289
4400
291
4353
283
4383
293
4459
290
4344
287
4415
297
4453
289
4406
288
4467
297
4608
285
4506
286
4346
287
4392
288
4400
289
4338
285
4360
286
4375
286
4358
284
4342
282
4350
287
4315
283
4296
283
4332
286
4302
280
4350
282
4349
287
4315
282
4380
290
4412
284
4407
289
4374
288
4370
290
4368
286
4351
285
4360
285
4327
282
4330
283
4329
285
4349
288
4353
292
4363
287
4346
286
4381
287
4328
284
4311
283
4301
282
4301
279
4296
280
4297
280
4293
280
4310
283
4359
290
4405
289
4376
285
4356
289
4319
286
4297
284
4278
283
4305
285
4319
288
4373
285
4376
287
4358
282
4339
284
4331
285
4332
286
4320
287
4360
285
4336
286
4322
284
4320
284
4333
282
4329
283
4314
284
4300
283
4294
281
4311
282
4336
283
4316
285
4339
282
4304
284
4290
282
4324
282
4287
284
4281
281
4283
279
4286
282
4289
281
4297
281
4306
285
4312
284
4324
284
4312
282
4314
284
4307
283
4303
281
4287
281
4287
282
4289
283
4279
282
4299
285
4313
284
4321
284
4314
281
4307
284
4329
286
4335
284
4319
283
4311
283
4314
283
4308
284
4321
284
4310
284
4317
283
4313
284
4321
284
4331
282
4312
283
4333
285
4322
284
4312
285
4294
281
4294
282
4286
282
4309
284
4317
287
4312
285
4334
285
4353
289
4409
289
4332
285
4387
284
4353
286
4328
283
4297
281
4292
283
4290
282
4301
287
4307
283
4267
281
4304
283
4283
282
4293
282
4282
280
4315
282
4321
284
4313
287
4369
288
4400
285
4367
285
4363
284
4328
287
4338
284
4350
286
4356
286
4349
284
4341
285
4343
286
4366
290
4411
286
4350
285
4321
286
4307
283
4292
290
4302
284
4306
282
4314
287
4304
283
4290
287
4299
285
4292
285
4306
287
4300
284
4302
286
4320
282
4406
283
4420
297
4436
285
4478
286
4352
283
4331
285
4309
283
4304
286
4312
282
4324
282
4294
286
4299
281
4305
284
4292
281
4360
293
4413
295
4353
284
4364
284
4390
288
4385
285
4312
282
4295
283
4304
282
4298
282
4303
286
4304
283
4311
284
4292
283
4382
282
4392
291
4378
285
4404
296
4392
286
4367
286
4355
285
4287
282
4298
283
4304
282
4296
282
4290
281
4313
282
4299
282
4285
282
4304
281
4337
284
4336
284
4390
291
4415
288
4378
285
4312
288
4314
284
4326
283
4306
283
4308
286
4299
282
4302
282
4305
287
4312
283
4329
288
4345
286
4340
284
4342
284
4334
283
4308
287
4300
281
4290
284
4308
283
4297
282
4297
283
4319
288
4327
284
4354
286
4352
286
4318
285
4302
283
4298
288
4295
282
4301
285
4305
286
4300
279
4301
283
4297
280
4292
280
4305
283
4298
280
4287
282
4305
281
4301
285
4299
284
4298
282
4323
284
4393
283
4339
285
4476
288
4472
295
4413
287
4334
282
4313
289
4306
283
4304
281
4304
282
4304
282
4286
287
4294
283
4290
282
4291
282
4296
282
4402
298
4299
282
4298
283
4310
282
4340
286
4405
293
4347
284
4315
286
4307
288
4296
282
4293
282
4304
279
4300
280
4302
279
4295
280
4291
284
4293
280
4295
282
4293
280
4293
279
4297
287
4299
280
4300
285
4300
281
4303
283
4288
290
4301
284
4284
283
4291
282
4292
282
4296
288
4299
283
4288
284
4312
283
4302
282
4302
287
4303
282
4297
282
4297
283
4295
283
4297
289
4292
282
4286
283
4294
283
4285
283
4300
288
4295
280
4290
280
4301
280
4294
280
4290
283
4301
284
4294
285
4307
287
4314
282
4316
282
4315
288
4312
282
4322
285
4325
282
4303
293
4293
283
4298
283
4301
284
4299
280
4299
284
4302
281
4296
281
4298
284
4293
283
4297
288
4310
283
4294
283
4290
288
4287
284
4292
284
4301
284
4294
283
4291
287
4296
285
4292
284
4298
284
4298
283
4309
288
4291
283
4278
280
4288
281
4274
279
4292
285
4296
284
4292
284
4305
284
4296
279
4294
280
4293
280
4292
284
4300
280
4283
282
4295
279
4305
280
4297
280
4307
283
4304
280
4298
279
4306
280
4295
279
4306
284
4298
281
4299
280
4301
281
4301
280
4301
287
4293
281
4291
285
4297
282
4299
279
4298
283
4295
280
4301
279
4302
280
4290
279
4292
288
4305
280
4298
279
4296
283
4299
284
4300
286
4312
280
4306
278
4305
279
4301
282
4308
285
4305
280
4315
281
4305
281
4301
287
4298
292
4302
283
4302
282
4303
282
4305
283
4302
288
4328
284
4324
281
4306
280
4299
280
4291
286
4304
281
4339
285
4388
286
4348
284
4307
285
4297
285
4303
285
4379
288
4368
286
4318
283
4321
287
4347
282
4308
284
4332
286
4307
282
4331
308
4597
304
4514
305
4411
286
4378
290
4390
293
4376
287
4370
293
4296
283
4293
282
4305
285
4342
283
4331
289
4331
283
4312
284
4350
285
4323
282
4390
305
4438
299
4599
283
4353
284
4442
286
4355
283
4313
284
4303
286
4308
280
4308
284
4311
284
4345
286
4373
290
4372
285
4384
287
4353
292
4366
290
4324
282
4327
288
4331
285
4343
282
4303
285
4300
282
4302
286
4297
282
4300
282
4296
285
4304
281
4344
289
4371
287
4361
291
4385
292
4390
287
4370
287
4365
287
4330
284
4295
282
4293
282
4281
285
4302
282
4306
281
4294
281
4339
284
4416
285
4354
286
4371
289
4391
287
4363
294
4361
291
4346
285
4311
283
4307
283
4315
280
4321
279
4303
286
4305
284
4296
283
4293
283
4313
283
4313
285
4320
285
4320
287
4331
286
4330
286
4332
285
4321
286
4322
285
4321
288
4319
284
4331
285
4343
285
4342
285
4340
288
4367
285
4369
290
4342
286
4375
287
4312
281
4297
282
4302
283
4287
283
4295
281
4288
282
4293
282
4301
283
4300
281
4308
283
4310
280
4314
284
4312
284
4317
281
4302
279
4286
281
4279
281
4285
278
4290
282
4294
283
4298
288
4292
282
4306
282
4297
281
4307
282
4293
282
4307
284
4312
282
4317
284
4320
284
4321
280
4292
281
4293
283
4327
283
4358
290
4394
293
4378
286
4353
288
4343
286
4358
289
4341
281
4304
282
4296
281
4284
281
4298
283
4315
285
4316
283
4333
289
4409
286
4374
288
4391
289
5102
306
4991
353
4628
306
4509
284
4369
289
4399
295
4364
284
4421
294
4344
286
4444
292
4473
290
4376
287
4401
286
4382
293
4365
286
4346
287
4333
285
4307
282
4317
285
4296
283
4303
283
4288
282
4278
282
4302
282
4309
281
4288
284
4289
283
4300
282
4288
283
4300
285
4316
283
4291
282
4335
283
4324
291
4333
282
4305
282
4304
283
4321
285
4328
282
4322
282
4367
286
4349
287
4375
284
4377
286
4403
287
4487
292
4441
293
4424
291
4339
285
4309
283
4306
286
4304
280
4302
283
4299
282
4300
279
4296
282
4298
278
4298
279
4301
283
4300
282
4298
288
4295
280
4373
287
4326
284
4402
285
4323
286
4300
280
4299
283
4300
279
4295
280
4295
295
4298
279
4302
282
4301
285
4297
283
4322
285
4300
282
4302
283
4289
284
4287
282
4290
286
4280
282
4289
283
4286
283
4314
282
4286
284
4286
283
4291
284
4293
279
4290
282
4292
281
4309
283
4295
282
4286
283
4293
283
4292
282
4292
283
4285
285
4283
286
4289
283
4286
283
4293
283
4281
287
4282
287
4284
284
4286
285
4297
284
4287
286
4285
287
4289
284
4297
283
4293
283
4290
285
4294
285
4300
283
4291
281
4285
286
4297
282
4297
282
4285
282
4286
283
4282
286
4286
283
4279
283
4296
282
4298
294
4284
284
4289
304
4292
282
4285
281
4295
283
4299
286
4298
283
4304
281
4297
282
4288
288
4418
285
4301
282
4302
282
4301
281
4319
282
4287
285
4297
281
4299
282
4301
296
4288
280
4296
283
4290
280
4305
280
4306
280
4285
282
4289
282
4299
282
4305
282
4301
281
4297
283
4301
282
4306
282
4302
282
4305
282
4301
281
4298
282
4307
282
4297
281
4299
281
4304
282
4296
282
4300
283
4302
282
4300
285
4291
281
4304
281
4302
281
4293
281
4307
290
4307
281
4289
282
4304
281
4302
282
4297
285
4295
282
4307
283
4307
279
4297
279
4287
283
4297
279
4304
285
4302
281
4305
282
4307
286
4320
283
4289
282
4304
282
4305
284
4310
286
4310
284
4308
284
4300
282
4305
283
4300
285
4553
284
4323
282
4310
282
4309
282
4293
283
4289
284
4290
283
4294
281
4296
283
4293
284
4293
281
4295
281
4295
281
4295
281
4294
282
4300
280
4301
283
4301
280
4298
283
4293
285
4298
283
4294
279
4295
285
4303
282
4707
284
4304
283
4307
283
4296
286
4302
284
4304
283
4297
283
4293
287
4301
288
4319
284
4567
285
4332
283
4302
282
4295
283
4297
284
4290
283
4288
282
4298
282
4293
282
4294
283
4294
283
4298
282
4289
285
4300
285
4297
282
4298
282
4269
281
4266
284
4292
285
4296
281
4299
281
4298
282
4295
285
4298
285
4283
280
4286
279
4282
278
4285
286
4302
285
4284
280
4287
279
4292
284
4295
280
4300
283
4301
280
4299
284
4301
282
4296
282
4296
282
4288
281
4665
280
4340
282
4293
287
4289
289
4291
281
4308
306
4551
297
4427
287
4386
283
4288
284
4467
286
4309
284
4286
288
4285
282
4292
281
4292
282
4288
288
4332
284
4313
281
4310
281
4304
282
4306
292
4298
286
4562
305
4520
285
4320
285
4298
282
4296
283
4306
288
4346
289
4351
288
4325
285
4321
286
4336
286
4305
285
4309
284
4322
287
4350
290
4625
299
4664
310
4602
309
4533
284
4482
304
4513
302
4575
282
4411
295
4335
285
4303
285
4357
288
4405
288
4412
288
4401
290
4505
293
4402
286
4367
288
4379
286
4372
286
4372
291
4379
286
4393
298
4399
288
4480
289
4487
324
4408
290
4395
289
4385
291
4421
293
4586
299
4455
288
4446
294
4421
289
4362
294
4425
289
4406
287
4343
287
4336
286
4333
286
4341
284
4332
285
4322
284
4311
284
4300
282
4287
281
4290
279
4299
283
4305
283
4325
285
4327
284
4320
284
4343
286
4356
289
4360
284
4348
284
4328
283
4322
282
4324
283
4330
284
4311
283
4308
287
4325
285
4320
287
4374
284
4335
288
4355
283
4332
283
4325
287
4316
282
4349
283
4336
288
4302
283
4291
284
4297
283
4445
290
4461
311
4542
290
4510
288
4507
295
4487
289
4341
286
4370
286
4339
286
4362
285
4359
288
4362
290
4351
285
4351
285
4318
284
4298
282
4282
282
4285
282
4281
282
4290
281
4289
281
4279
282
4283
284
4289
282
4299
283
4313
284
4330
285
4319
283
4317
285
4320
284
4310
287
4310
286
4307
284
4295
282
4293
283
4288
282
4289
286
4324
284
4305
284
4297
285
4311
286
4308
288
4305
284
4312
285
4337
287
4339
283
4304
285
4326
286
4315
285
4343
282
4332
285
4340
292
4398
290
4676
363
6327
412
5651
306
5906
328
4606
295
4404
289
4320
286
4307
287
4295
285
4292
280
4280
282
4294
281
4353
285
4376
289
4367
285
4356
287
4368
286
4383
287
4385
290
4349
284
4300
282
4297
282
4291
285
4292
280
4286
279
4302
278
4296
281
4297
284
4304
279
4319
285
4348
282
4334
280
4335
292
4331
285
4341
292
4347
282
4337
283
4347
284
4360
285
4330
281
4313
282
4320
283
4312
283
4290
283
4293
286
4292
283
4304
283
4309
282
4299
283
4332
283
4299
282
4292
286
4300
282
4301
282
4312
286
4321
284
4340
283
4313
283
4302
282
4303
282
4302
279
4302
282
4306
282
4300
282
4295
286
4307
283
4329
286
4340
287
4333
285
4341
285
4346
285
4330
287
4330
282
4305
280
4306
280
4295
279
4299
286
4309
282
4295
282
4306
282
4301
282
4297
286
4306
286
4303
283
4292
286
4302
285
4333
283
4313
282
4297
280
4302
281
4304
280
4299
283
4306
282
4302
279
4303
280
4302
280
4306
280
4307
282
4299
281
4299
283
4325
282
4325
285
4350
284
4336
283
4325
280
4306
281
4302
289
4295
282
4305
282
4305
282
4301
283
4295
287
4302
281
4307
280
4295
280
4300
280
4295
285
4318
282
4337
281
4349
283
4350
284
4341
293
4333
282
4332
280
4315
282
4305
281
4292
286
4300
279
4297
282
4304
282
4304
283
4292
288
4296
285
4312
282
4300
281
4302
281
4308
289
4337
285
4335
285
4333
287
4337
283
4325
285
4347
281
4310
283
4307
288
4297
282
4294
282
4287
281
4287
282
4298
281
4296
281
4301
285
4296
282
4296
282
4291
282
4300
282
4293
288
4297
281
4292
281
4333
284
4326
283
4333
287
4309
282
4336
284
4319
283
4302
282
4310
282
4293
281
4302
282
4308
281
4302
281
4305
283
4308
281
4302
282
4303
282
4301
282
4304
285
4294
284
4322
285
4335
283
4287
283
4292
286
4303
283
4311
280
4304
304
4304
281
4302
286
4295
283
4298
281
4297
285
4287
282
4301
285
4294
282
4293
280
4301
279
4302
279
4295
285
4299
279
4292
279
4304
281
4297
282
4298
287
4287
279
4296
279
4299
280
4303
283
4300
289
4297
283
4296
283
4294
283
4282
282
4277
287
4282
283
4282
283
4282
284
4290
282
4289
283
4290
303
4286
287
4281
284
4287
281
4283
283
4291
281
4283
280
4281
284
4283
283
4285
283
4290
278
4286
284
4306
285
4310
284
4314
281
4306
285
4307
282
4284
283
4288
284
4288
284
4292
283
4287
283
4292
283
4292
282
4289
283
4296
286
4283
283
4276
282
4287
282
4289
281
4282
284
4282
283
4322
283
4330
283
4315
284
4316
286
4319
285
4972
289
4360
283
4343
286
4330
283
4324
283
4343
287
4360
285
4356
286
4466
326
4382
290
4396
288
4311
287
4309
282
4294
280
4307
281
4283
281
4290
285
4300
283
4308
282
4305
281
4296
282
4301
285
4303
282
4286
282
4299
289
4346
280
4343
294
4340
283
4345
286
4324
283
4304
283
4290
284
4287
282
4293
281
4292
281
4290
282
4293
281
4291
282
4294
282
4288
284
4291
281
4300
285
4303
281
4302
281
4300
285
4298
282
4302
285
4304
286
4303
279
4303
282
4306
281
4302
284
4313
283
4304
282
4298
286
4292
282
4300
282
4301
283
4298
281
4311
287
4313
283
4330
289
4310
282
4299
282
4304
285
4387
287
4376
285
4338
286
4332
282
4336
283
4334
284
4336
284
4342
282
4347
289
4625
308
4551
309
4469
284
4409
314
4440
287
4359
290
4366
288
4347
286
4302
284
4297
284
4336
285
4339
283
4305
283
4313
285
4347
286
4355
291
4402
299
4433
295
4582
285
4348
289
4376
289
4385
285
4315
283
4298
285
4302
285
4299
281
4300
281
4299
281
4298
281
4304
282
4304
282
4299
283
4302
283
4299
282
4308
284
4324
282
4319
282
4307
282
4299
282
4302
281
4306
283
4299
282
4305
283
4315
284
4303
284
4324
284
4318
284
4322
283
4325
282
4322
285
4327
285
4333
284
4318
283
4323
282
4336
285
4329
285
4326
283
4342
283
4330
288
4321
287
4304
283
4306
283
4296
285
4328
286
4310
286
4328
285
4328
281
4311
286
4304
286
4307
282
4300
283
4300
282
4307
281
4302
286
4299
283
4295
283
4303
283
4301
283
4301
287
4297
287
4298
282
4303
282
4304
278
4294
284
4292
285
4306
279
4306
282
4297
280
4292
287
4298
286
4301
280
4300
282
4305
280
4311
283
4287
284
4282
282
4296
281
4298
282
4294
283
4296
285
4292
281
4284
280
4304
285
4302
283
4349
285
4306
284
4295
282
4308
281
4294
281
4301
285
4301
282
4295
287
4302
282
4302
282
4306
286
4289
279
4296
279
4312
278
4295
279
4298
279
4327
282
4295
282
4295
283
4294
284
4305
283
4294
282
4297
283
4296
286
4301
284
4296
282
4295
282
4299
283
4295
286
4301
283
4306
283
4299
283
4293
283
4304
286
4302
283
4298
284
4296
283
4293
284
4293
286
4299
284
4306
284
4303
283
4300
283
4298
287
4297
283
4304
284
4299
284
4297
283
4298
287
4292
284
4312
285
4292
287
4291
283
4294
286
4302
284
4287
283
4291
282
4284
283
4290
284
4297
283
4299
283
4303
279
4294
280
4295
283
4304
279
4306
282
4300
283
4294
279
4298
281
4311
281
4309
281
4324
301
4341
282
4308
282
4303
285
4294
282
4304
282
4299
282
4298
282
4307
282
4311
282
4291
283
4289
282
4303
282
4295
282
4308
282
4289
286
4281
282
4285
282
4296
283
4297
284
4300
285
4304
282
4297
282
4303
281
4303
284
4286
285
4297
278
4300
278
4287
284
4309
287
4290
290
4290
284
4293
283
4289
283
4300
285
4290
282
4290
282
4295
282
4294
283
4299
284
4292
281
4291
282
4295
283
4298
284
4298
282
4301
280
4301
278
4298
283
4295
282
4298
282
4299
282
4303
282
4296
280
4291
284
4297
283
4303
281
4293
281
4286
281
4288
285
4296
281
4300
281
4301
282
4300
282
4295
284
4297
281
4304
281
4299
282
4296
282
4297
286
4301
282
4309
279
4299
279
4296
280
4297
279
4303
279
4298
282
4303
280
4304
279
4299
280
4304
280
4306
284
4304
282
4298
283
4296
278
4290
280
4304
279
4301
285
4304
282
4292
283
4292
282
4294
283
4304
285
4302
283
4304
282
4300
282
4303
283
4303
286
4302
282
4299
283
4305
283
4304
282
4304
283
4294
281
4301
282
4307
279
4295
282
4298
284
4296
282
4298
282
4305
283
4313
281
4299
285
4314
281
4313
282
4319
284
4310
282
4310
286
4305
283
4297
282
4304
281
4294
282
4293
285
4292
282
4344
289
4347
286
4360
285
4331
288
4417
289
4380
294
4373
292
4315
283
4304
282
4299
282
4285
286
4294
285
4288
283
4301
282
4305
281
4309
285
4365
285
4287
283
4307
283
4346
286
4360
289
4381
284
4420
293
4401
286
4324
283
4302
283
4300
282
4297
286
4299
283
4301
283
4295
283
4301
282
4335
288
4327
290
4342
285
4324
285
4403
289
4393
287
4339
284
4313
287
4307
287
4301
283
4323
284
4315
286
4328
293
4325
289
4309
283
4303
282
4301
283
4317
287
4325
289
4322
283
4323
283
4327
280
4321
285
4336
285
4349
285
4346
287
4334
282
4345
283
4340
284
4325
286
4324
283
4320
283
4312
283
4308
286
4291
283
4294
281
4296
280
4306
280
4314
280
4303
285
4306
280
4314
282
4320
282
4310
283
4329
287
4336
286
4314
284
4288
283
4315
282
4340
289
4367
287
4407
289
4392
296
4380
285
4368
285
4352
286
4360
285
4320
285
4304
283
4296
283
4297
283
4289
280
4307
281
4295
285
4293
285
4283
281
4298
285
4302
282
4290
285
4301
281
4306
283
4319
289
4318
283
4312
283
4311
283
4292
281
4294
286
4307
285
4344
286
4315
282
4301
285
4293
286
4292
282
4287
282
4321
284
4322
284
4327
290
4328
284
4290
283
4293
282
4290
286
4297
286
4300
283
4300
283
4327
289
4534
306
4574
292
4382
286
4336
285
4308
282
4296
281
4284
282
4284
282
4282
282
4287
281
4289
282
4286
282
4281
282
4266
282
4291
283
4325
283
4311
285
4322
283
4310
281
4319
285
4444
294
4617
300
4410
287
4322
284
4416
294
4445
291
4401
287
4343
279
4337
289
4363
286
4409
303
5200
403
5777
369
5498
366
4805
339
4847
308
4665
298
5447
400
5266
331
5138
368
5153
307
4489
290
4310
284
4300
284
4349
287
4377
290
4394
289
4397
289
4393
291
4380
292
4393
292
4427
289
4444
289
4447
288
4342
281
4362
289
4427
290
4401
293
4439
288
4418
290
4408
283
4315
284
4333
284
4324
287
4314
284
4287
283
4288
283
4292
282
4294
281
4375
289
4425
286
4402
286
4361
284
4308
282
4298
283
4294
282
4318
284
4325
282
4294
282
4285
281
4287
280
4291
283
4290
281
4312
282
4352
284
4350
287
4350
285
4355
285
4353
284
4345
283
4298
281
4289
280
4357
282
4291
282
4297
282
4278
282
4277
282
4296
283
4351
284
4343
287
4332
285
4348
285
4334
284
4310
284
4326
286
4297
284
4285
282
4294
282
4288
281
4285
284
4293
280
4295
285
4325
285
4358
283
4367
285
4311
283
4294
283
4292
283
4278
283
4279
283
4293
282
4272
282
4269
282
4277
283
4276
282
4276
283
4305
285
4362
286
4393
289
4424
293
4448
304
4458
293
4412
285
4349
287
4302
282
4297
281
4318
281
4315
281
4309
280
4330
283
4382
291
4415
288
4487
297
4435
294
4409
291
4382
284
4392
283
4361
287
4393
285
4366
283
4350
279
4331
290
4379
288
4349
285
4343
292
4312
283
4331
283
4323
284
4334
291
4328
286
4324
283
4334
286
4327
286
4328
291
4356
285
4864
286
4701
378
4517
288
4337
284
4324
284
4324
290
4306
283
4307
287
4333
284
4333
284
4320
281
4311
282
4289
282
4286
281
4281
281
4288
282
4280
281
4290
281
4286
279
4281
280
4281
279
4304
284
4404
285
4408
283
4378
284
4341
285
4315
281
4301
282
4283
283
4298
282
4291
280
4297
283
4290
281
4284
282
4296
281
4298
286
4345
283
4336
294
4338
280
4388
284
4459
290
4325
283
4301
280
4283
283
4285
282
4284
279
4288
280
4290
286
4288
284
4313
297
4358
288
4394
287
4350
284
4350
292
4359
283
4394
289
4345
284
4344
282
4349
285
4315
281
4287
287
4306
281
4311
282
4344
285
4363
285
4369
292
4422
292
4392
295
4375
282
4314
282
4331
283
4304
280
4292
283
4295
281
4300
280
4296
280
4328
284
4348
288
4343
291
4524
308
4467
285
4446
291
4468
288
4354
282
4317
284
4305
283
4308
283
4296
284
4294
282
4296
282
4311
283
4364
291
4391
285
4355
289
4403
288
4363
284
4298
282
4292
282
4284
283
4286
281
4286
282
4289
281
4281
281
4270
282
4310
284
4348
289
4353
283
4343
291
4407
284
4369
288
4406
283
4314
282
4300
282
4298
285
4296
284
4288
284
4288
283
4299
283
4343
288
4347
284
4365
285
4369
290
4438
294
4389
288
4310
283
4296
279
4305
283
4294
283
4278
278
4291
280
4289
283
4299
284
4339
285
4342
286
4323
284
4385
291
4398
288
4340
284
4314
289
4296
286
4309
284
4295
284
4311
281
4299
287
4293
283
4304
281
4297
284
4303
283
4300
280
4308
283
4318
286
4335
285
4341
283
4336
283
4331
285
4325
283
4300
283
4289
282
4292
281
4286
283
4311
283
4305
285
4308
280
4306
283
4309
285
4320
286
4323
284
4322
283
4349
283
4332
284
4314
279
4297
279
4302
279
4300
280
4289
283
4282
277
4287
279
4295
284
4304
281
4300
285
4297
279
4295
279
4298
278
4303
281
4308
280
4326
282
4303
282
4315
283
4334
283
4352
286
4353
285
4338
285
4356
285
4345
283
4309
285
4297
282
4296
282
4305
282
4301
280
4306
282
4287
282
4292
278
4304
282
4308
282
4305
286
4291
282
4302
283
4305
282
4302
282
4310
286
4330
283
4334
285
4338
284
4336
283
4342
285
4337
284
4340
284
4330
283
4315
286
4340
284
4311
281
4318
287
4320
281
4317
285
4315
286
4299
282
4300
285
4297
284
4316
284
4334
284
4311
283
4292
286
4310
283
4318
288
4343
284
4328
285
4339
290
4334
285
4334
285
4353
285
4357
287
4352
286
4344
284
4313
287
4408
282
4324
283
4317
281
4300
281
4317
287
4302
278
4302
283
4311
283
4299
283
4296
285
4295
281
4303
282
4291
285
4298
279
4299
283
4298
287
4325
283
4388
281
4413
291
4374
284
4373
284
4323
285
4301
282
4297
285
4300
281
4295
281
4300
284
4299
281
4291
285
4298
280
4299
282
4303
285
4297
282
4290
286
4293
282
4290
282
4295
283
4294
282
4292
286
4295
282
4290
283
4290
288
4290
283
4293
286
4351
281
4292
281
4303
281
4304
281
4296
286
4306
284
4297
283
4300
280
4301
283
4301
283
4301
283
4290
284
4303
284
4293
283
4287
286
4305
284
4293
283
4393
284
4387
283
4344
294
4302
282
4326
281
4318
284
4393
287
4348
285
4326
282
4305
285
4317
281
4321
283
4312
284
4385
289
4374
285
4389
289
4377
300
4413
294
4357
289
4355
291
4534
282
4584
286
4474
304
4701
299
4688
295
4459
290
4449
289
4347
285
4337
281
4315
283
4318
283
4350
289
4327
285
4322
284
4367
286
4366
288
4428
301
4379
285
4382
288
4464
288
4432
289
4417
288
4357
292
4371
288
4363
287
4350
284
4317
283
4287
282
4300
282
4321
282
4325
288
4325
283
4312
283
4410
290
4480
291
4385
291
4353
287
4371
288
4363
287
4327
285
4305
282
4281
280
4294
283
4289
283
4422
284
4315
283
4319
281
4320
285
4357
285
4356
293
4394
290
4383
289
4349
278
4320
285
4320
283
4284
283
4309
283
4300
283
4300
283
4308
284
4348
285
4398
286
4422
287
4396
286
4382
285
4338
285
4326
282
4286
283
4275
281
4280
281
4290
281
4285
281
4283
281
4312
285
4349
285
4346
285
4358
291
4404
288
4368
286
4340
283
4320
284
4308
284
4314
285
4308
284
4306
281
4292
285
4311
284
4323
286
4334
284
4348
285
4357
283
4405
289
4389
286
4323
283
4297
283
4298
283
4293
282
4277
280
4282
282
4287
282
4302
284
4341
287
4425
291
4693
349
4971
309
4812
287
5608
288
4392
285
4378
288
4334
285
4326
285
4326
292
4322
284
4299
284
4344
287
4385
288
4366
285
4350
289
4345
286
4314
284
4302
281
4283
281
4292
280
4288
280
4287
280
4280
279
4279
288
4287
281
4329
283
4391
284
4377
287
4355
284
4407
290
4294
284
4285
283
4286
282
4287
282
4290
284
4285
282
4279
282
4276
282
4323
286
4353
286
4418
292
4409
288
4393
287
4344
285
4312
283
4302
282
4305
282
4293
284
4305
282
4285
282
4297
282
4296
283
4323
286
4333
284
4347
286
4356
285
4342
285
4315
283
4290
280
4280
283
4293
284
4293
283
4292
284
4286
282
4282
288
4287
286
4322
285
4345
288
4347
287
4361
291
4391
287
4362
284
4296
283
4273
282
4277
283
4289
282
4288
283
4279
282
4279
282
4345
287
4348
286
4384
290
4380
287
4374
284
4342
285
4303
282
4294
282
4288
280
4289
282
4282
282
4280
282
4302
283
4320
286
4344
286
4349
282
4419
290
4400
290
4382
288
4358
286
4309
281
4297
282
4291
282
4281
283
4292
283
4283
281
4318
292
4351
284
4362
287
4386
289
4399
287
4376
287
4337
281
4294
282
4287
281
4291
281
4293
278
4291
281
4270
282
4310
284
4355
285
4355
287
4378
291
4407
289
4367
288
4299
283
4293
283
4295
279
4288
281
4281
282
4291
285
4297
281
4315
285
4349
286
4348
286
4387
287
4336
285
4314
284
4308
282
4284
286
4325
286
4289
281
4285
283
4277
282
4281
279
4323
292
4380
284
4326
293
4368
285
4372
291
4374
284
4338
284
4310
284
4279
281
4271
281
4292
285
4317
283
4303
287
4335
284
4323
285
4320
283
4339
291
4355
284
4316
283
4279
282
4280
280
4295
284
4277
281
4292
282
4281
283
4297
281
4278
282
4268
280
4285
282
4290
282
4297
282
4289
282
4287
282
4292
282
4277
282
4287
282
4285
282
4285
282
4294
281
4319
282
4291
281
4291
282
4297
283
4273
280
4283
281
4286
283
4290
282
4282
289
4301
286
4334
293
4340
285
4304
284
4300
283
4294
282
4292
282
4289
283
4288
284
4292
283
4289
281
4292
281
4291
281
4290
281
4295
287
4316
284
4290
282
4298
282
4295
284
4304
285
4314
282
4286
282
4289
282
4294
286
4278
282
4284
281
4291
279
4287
285
4284
289
4291
285
4297
285
4286
281
4327
283
4339
283
4312
283
4295
283
4279
281
4282
284
4296
285
4287
284
4275
279
4273
279
4293
284
4291
281
4287
285
4315
289
4323
282
4329
284
4295
282
4290
281
4276
282
4273
281
4284
282
4276
282
4279
282
4278
282
4287
292
4296
282
4310
283
4311
280
4300
285
4322
283
4281
283
4293
283
4293
283
4287
283
4295
285
4302
280
4292
283
4290
283
4297
283
4301
286
4301
285
4397
282
4318
282
4317
285
4314
283
4296
282
4293
282
4292
284
4285
283
4286
283
4282
283
4288
280
4301
283
4294
284
4300
279
4335
283
4336
286
4314
283
4288
284
4289
282
4287
282
4286
282
4283
280
4279
279
4303
283
4286
282
4303
289
4288
282
4328
285
4330
285
4315
285
4309
285
4303
283
4291
283
4293
282
4289
283
4292
281
4291
282
4293
284
4309
288
4302
282
4344
296
4334
284
4341
284
4314
283
4376
282
4293
282
4291
282
4292
282
4293
282
4293
282