0.020
0.026
0.018
0.019
0.017
0.016
0.015
0.019
0.015
0.011
0.007
0.007
0.007
0.007
0.007
0.007
0.007
0.007
0.007
0.007
0.007
0.007
0.007
0.007
0.007
0.008
0.008
0.010
0.009
0.010
0.008
0.007
0.007
0.007
0.007
0.009
0.008
0.012
0.012
0.013
0.015
0.016
0.014
0.016
0.012
0.013
0.012
0.013
0.014
0.013
0.012
0.013
0.012
0.007
0.007
0.007
0.007
0.007
0.007
0.007
0.007
0.007
0.007
0.008
0.008
0.009
0.008
0.010
0.009
0.010
0.010
0.011
0.010
0.011
0.010
0.011
0.009
0.010
0.008
0.008
0.008
0.007
0.007
0.007
0.007
0.007
0.008
0.007
0.007
0.007
0.007
0.007
0.007
0.007
0.007
0.007
0.007
0.007
0.007
0.007
0.007
0.007
0.007
0.007
0.007
0.007
0.007
0.007
0.007
0.009
0.008
0.009
0.010
0.010
0.010
0.007
0.007
0.010
0.007
0.007
0.007
0.007
0.007
0.007
0.007
0.007
0.007
0.007
0.007
0.007
0.007
0.007
0.007
0.007
0.007
0.007
0.007
0.007
0.007
0.007
0.007
0.008
0.010
0.013
0.012
0.013
0.012
0.013
0.012
0.013
0.012
0.013
0.012
0.013
0.012
0.013
0.012
0.013
0.012
0.013
0.012
0.013
0.012
0.013
0.012
0.013
0.012
0.013
0.012
0.013
0.012
0.013
0.012
0.014
0.012
0.013
0.012
0.013
0.012
0.013
0.012
0.013
0.012
0.013
0.012
0.013
0.012
0.013
0.012
0.014
0.015
0.016
0.015
0.016
0.015
0.016
0.015
0.016
0.014
0.016
